8000.0000 8000.0000 8000.0000
13890.0000 12800.0000 12717.5718
14010.0000 12800.0000 12715.5036
14050.0000 12880.0000 12749.3674
13850.0000 12880.0000 12752.3363
13845.0000 12890.0000 12756.7305
13800.0000 12980.0000 12796.1336
14055.0000 12890.0000 12753.8030
14100.0000 12980.0000 12793.5696
13898.0000 12800.0000 12713.2626
13906.0000 12800.0000 12709.6920
13914.0000 12800.0000 12706.7701
13922.0000 12800.0000 12704.4617
13930.0000 12800.0000 12702.7296
13938.0000 12800.0000 12701.5490
13946.0000 12800.0000 12700.9028
13954.0000 12800.0000 12700.7810
13962.0000 12800.0000 12701.1862
13970.0000 12800.0000 12702.1209
13978.0000 12800.0000 12703.5978
13986.0000 12800.0000 12705.6388
13994.0000 12800.0000 12708.2761
14002.0000 12800.0000 12711.5408
14012.6667 12805.3333 12717.0775
14015.3333 12810.6667 12718.8193
14018.0000 12816.0000 12720.8437
14020.6667 12821.3333 12723.0010
14023.3333 12826.6667 12725.4057
14026.0000 12832.0000 12727.8876
14028.6667 12837.3333 12730.1777
14031.3333 12842.6667 12732.5517
14034.0000 12848.0000 12734.9529
14036.6667 12853.3333 12737.3763
14039.3333 12858.6667 12739.7843
14042.0000 12864.0000 12742.2027
14044.6667 12869.3333 12744.6134
14047.3333 12874.6667 12746.9914
14036.6667 12880.0000 12739.5369
14023.3333 12880.0000 12731.1737
14010.0000 12880.0000 12723.8897
13996.6667 12880.0000 12718.3833
13983.3333 12880.0000 12714.4513
13970.0000 12880.0000 12711.9594
13956.6667 12880.0000 12710.8243
13943.3333 12880.0000 12711.0051
13930.0000 12880.0000 12712.5052
13916.6667 12880.0000 12715.3857
13903.3333 12880.0000 12719.7337
13890.0000 12880.0000 12725.7079
13876.6667 12880.0000 12733.3182
13863.3333 12880.0000 12742.0927
13852.6667 12874.6667 12749.9731
13855.3333 12869.3333 12747.5934
13858.0000 12864.0000 12745.1939
13860.6667 12858.6667 12742.7705
13863.3333 12853.3333 12740.3336
13866.0000 12848.0000 12737.8668
13868.6667 12842.6667 12735.4027
13871.3333 12837.3333 12732.9599
13874.0000 12832.0000 12730.5492
13876.6667 12826.6667 12728.2600
13879.3333 12821.3333 12725.8224
13882.0000 12816.0000 12723.4299
13884.6667 12810.6667 12721.2435
13887.3333 12805.3333 12719.3145
13817.3333 12800.0000 12756.6766
13744.6667 12800.0000 12786.8236
14155.3333 12800.0000 12795.8376
14082.6667 12800.0000 12759.6676
13780.0000 12880.0000 12796.1336
13710.0000 12880.0000 12796.1336
13849.6667 12880.6667 12752.6318
13849.3333 12881.3333 12752.9283
13849.0000 12882.0000 12753.2271
13848.6667 12882.6667 12753.5279
13848.3333 12883.3333 12753.8286
13848.0000 12884.0000 12754.1282
13847.6667 12884.6667 12754.4261
13847.3333 12885.3333 12754.7215
13847.0000 12886.0000 12755.0144
13846.6667 12886.6667 12755.3048
13846.3333 12887.3333 12755.5930
13846.0000 12888.0000 12755.8796
13845.6667 12888.6667 12756.1646
13845.3333 12889.3333 12756.4482
13775.3333 12890.0000 12796.1336
13705.6667 12890.0000 12796.1336
13842.0000 12896.0000 12758.6266
13839.0000 12902.0000 12760.7836
13836.0000 12908.0000 12765.1976
13833.0000 12914.0000 12767.4536
13830.0000 12920.0000 12769.7236
13827.0000 12926.0000 12772.0176
13824.0000 12932.0000 12774.3336
13821.0000 12938.0000 12779.0366
13818.0000 12944.0000 12781.4236
13815.0000 12950.0000 12783.8226
13812.0000 12956.0000 12786.2426
13809.0000 12962.0000 12791.1456
13806.0000 12968.0000 12793.6296
13803.0000 12974.0000 12796.1336
13733.3333 12980.0000 12796.1336
14190.0000 12880.0000 12793.5696
14120.0000 12880.0000 12794.6556
14194.3333 12890.0000 12793.5696
14124.6667 12890.0000 12793.5696
14054.6667 12889.3333 12753.5085
14054.3333 12888.6667 12753.2134
14054.0000 12888.0000 12752.9178
14053.6667 12887.3333 12752.6226
14053.3333 12886.6667 12752.3276
14053.0000 12886.0000 12752.0323
14052.6667 12885.3333 12751.7367
14052.3333 12884.6667 12751.4409
14052.0000 12884.0000 12751.1449
14051.6667 12883.3333 12750.8486
14051.3333 12882.6667 12750.5522
14051.0000 12882.0000 12750.2558
14050.6667 12881.3333 12749.9596
14050.3333 12880.6667 12749.6635
14166.6667 12980.0000 12793.5696
14097.0000 12974.0000 12793.5696
14094.0000 12968.0000 12788.6236
14091.0000 12962.0000 12786.1826
14088.0000 12956.0000 12783.7626
14085.0000 12950.0000 12781.3636
14082.0000 12944.0000 12776.6146
14079.0000 12938.0000 12774.2736
14076.0000 12932.0000 12771.9546
14073.0000 12926.0000 12769.6586
14070.0000 12920.0000 12765.1596
14067.0000 12914.0000 12762.9596
14064.0000 12908.0000 12760.7836
14061.0000 12902.0000 12758.6326
14058.0000 12896.0000 12756.5056
13859.0000 12890.0000 12746.1749
13873.0000 12890.0000 12737.1082
13887.0000 12890.0000 12729.3712
13901.0000 12890.0000 12723.1345
13915.0000 12890.0000 12718.5952
13929.0000 12890.0000 12715.5900
13943.0000 12890.0000 12714.0553
13957.0000 12890.0000 12713.8798
13971.0000 12890.0000 12715.0487
13985.0000 12890.0000 12717.6644
13999.0000 12890.0000 12721.7896
14013.0000 12890.0000 12727.5614
14027.0000 12890.0000 12734.9741
14041.0000 12890.0000 12743.6432
14004.3111 12805.3333 12712.6106
14006.6222 12810.6667 12713.8033
14008.9333 12816.0000 12715.2610
14011.2444 12821.3333 12716.7994
14013.5556 12826.6667 12718.5842
14015.8667 12832.0000 12720.4336
14018.1778 12837.3333 12722.4557
14020.4889 12842.6667 12724.5428
14022.8000 12848.0000 12726.7468
14025.1111 12853.3333 12728.9479
14027.4222 12858.6667 12730.9814
14029.7333 12864.0000 12733.0934
14032.0444 12869.3333 12735.2036
14034.3556 12874.6667 12737.3621
13995.9556 12805.3333 12708.9442
13997.9111 12810.6667 12709.7030
13999.8667 12816.0000 12710.7314
14001.8222 12821.3333 12711.7935
14003.7778 12826.6667 12713.1228
14005.7333 12832.0000 12714.4809
14007.6889 12837.3333 12716.0349
14009.6444 12842.6667 12717.6534
14011.6000 12848.0000 12719.3756
14013.5556 12853.3333 12721.2024
14015.5111 12858.6667 12723.0564
14017.4667 12864.0000 12725.0428
14019.4222 12869.3333 12727.0099
14021.3778 12874.6667 12729.1202
13987.6000 12805.3333 12706.0006
13989.2000 12810.6667 12706.4256
13990.8000 12816.0000 12707.1219
13992.4000 12821.3333 12707.8240
13994.0000 12826.6667 12708.8076
13995.6000 12832.0000 12709.7975
13997.2000 12837.3333 12711.0058
13998.8000 12842.6667 12712.2726
14000.4000 12848.0000 12713.6554
14002.0000 12853.3333 12715.1711
14003.6000 12858.6667 12716.7122
14005.2000 12864.0000 12718.4344
14006.8000 12869.3333 12720.1348
14008.4000 12874.6667 12722.0178
13979.2444 12805.3333 12703.7252
13980.4889 12810.6667 12703.9014
13981.7333 12816.0000 12704.3458
13982.9778 12821.3333 12704.7786
13984.2222 12826.6667 12705.5079
13985.4667 12832.0000 12706.2244
13986.7111 12837.3333 12707.1795
13987.9556 12842.6667 12708.1881
13989.2000 12848.0000 12709.3260
13990.4444 12853.3333 12710.6114
13991.6889 12858.6667 12711.9220
13992.9333 12864.0000 12713.4494
13994.1778 12869.3333 12714.9501
13995.4222 12874.6667 12716.6730
13970.8889 12805.3333 12702.0794
13971.7778 12810.6667 12702.0714
13972.6667 12816.0000 12702.3427
13973.5556 12821.3333 12702.5863
13974.4444 12826.6667 12703.1334
13975.3333 12832.0000 12703.6633
13976.2222 12837.3333 12704.4348
13977.1111 12842.6667 12705.2630
13978.0000 12848.0000 12706.2294
13978.8889 12853.3333 12707.3510
13979.7778 12858.6667 12708.5020
13980.6667 12864.0000 12709.8904
13981.5556 12869.3333 12711.2495
13982.4444 12874.6667 12712.8576
13962.5333 12805.3333 12701.0367
13963.0667 12810.6667 12700.9164
13963.6000 12816.0000 12701.0738
13964.1333 12821.3333 12701.1962
13964.6667 12826.6667 12701.6290
13965.2000 12832.0000 12702.0401
13965.7333 12837.3333 12702.6967
13966.2667 12842.6667 12703.4096
13966.8000 12848.0000 12704.2665
13967.3333 12853.3333 12705.2860
13967.8667 12858.6667 12706.3318
13968.4000 12864.0000 12707.6353
13968.9333 12869.3333 12708.9030
13969.4667 12874.6667 12710.4363
13954.1778 12805.3333 12700.5825
13954.3556 12810.6667 12700.4087
13954.5333 12816.0000 12700.5162
13954.7111 12821.3333 12700.5820
13954.8889 12826.6667 12700.9616
13955.0667 12832.0000 12701.3112
13955.2444 12837.3333 12701.9195
13955.4222 12842.6667 12702.5793
13955.6000 12848.0000 12703.3832
13955.7778 12853.3333 12704.3539
13955.9556 12858.6667 12705.3505
13956.1333 12864.0000 12706.6119
13956.3111 12869.3333 12707.8363
13956.4889 12874.6667 12709.3330
13945.8222 12805.3333 12700.7101
13945.6444 12810.6667 12700.5493
13945.4667 12816.0000 12700.6571
13945.2889 12821.3333 12700.7307
13945.1111 12826.6667 12701.1157
13944.9333 12832.0000 12701.4716
13944.7556 12837.3333 12702.0832
13944.5778 12842.6667 12702.7477
13944.4000 12848.0000 12703.5561
13944.2222 12853.3333 12704.5295
13944.0444 12858.6667 12705.5293
13943.8667 12864.0000 12706.7913
13943.6889 12869.3333 12708.0171
13943.5111 12874.6667 12709.5141
13937.4667 12805.3333 12701.4208
13936.9333 12810.6667 12701.3240
13936.4000 12816.0000 12701.5008
13935.8667 12821.3333 12701.6441
13935.3333 12826.6667 12702.0943
13934.8000 12832.0000 12702.5229
13934.2667 12837.3333 12703.1941
13933.7333 12842.6667 12703.9201
13933.2000 12848.0000 12704.7885
13932.6667 12853.3333 12705.8163
13932.1333 12858.6667 12706.8701
13931.6000 12864.0000 12708.1771
13931.0667 12869.3333 12709.4501
13930.5333 12874.6667 12710.9842
13929.1111 12805.3333 12702.7260
13928.2222 12810.6667 12702.7560
13927.3333 12816.0000 12703.0627
13926.4444 12821.3333 12703.3422
13925.5556 12826.6667 12703.9192
13924.6667 12832.0000 12704.4803
13923.7778 12837.3333 12705.2771
13922.8889 12842.6667 12706.1288
13922.0000 12848.0000 12707.1153
13921.1111 12853.3333 12708.2524
13920.2222 12858.6667 12709.4174
13919.3333 12864.0000 12710.8141
13918.4444 12869.3333 12712.1800
13917.5556 12874.6667 12713.7901
13920.7556 12805.3333 12704.6448
13919.5111 12810.6667 12704.8773
13918.2667 12816.0000 12705.3725
13917.0222 12821.3333 12705.8589
13915.7778 12826.6667 12706.6328
13914.5333 12832.0000 12707.3970
13913.2889 12837.3333 12708.3896
13912.0444 12842.6667 12709.4341
13910.8000 12848.0000 12710.6015
13909.5556 12853.3333 12711.9111
13908.3111 12858.6667 12713.2431
13907.0667 12864.0000 12714.7827
13905.8222 12869.3333 12716.2964
13904.5778 12874.6667 12718.0205
13912.4000 12805.3333 12707.2084
13910.8000 12810.6667 12707.7109
13909.2000 12816.0000 12708.4773
13907.6000 12821.3333 12709.2536
13906.0000 12826.6667 12710.3015
13904.4000 12832.0000 12711.3567
13902.8000 12837.3333 12712.6197
13901.2000 12842.6667 12713.9384
13899.6000 12848.0000 12715.3650
13898.0000 12853.3333 12716.9159
13896.4000 12858.6667 12718.4891
13894.8000 12864.0000 12720.2276
13893.2000 12869.3333 12721.9468
13891.6000 12874.6667 12723.8309
13904.0444 12805.3333 12710.4612
13902.0889 12810.6667 12711.3244
13900.1333 12816.0000 12712.4465
13898.1778 12821.3333 12713.6113
13896.2222 12826.6667 12715.0272
13894.2667 12832.0000 12716.4768
13892.3111 12837.3333 12718.1092
13890.3556 12842.6667 12719.8028
13888.4000 12848.0000 12721.5872
13886.4444 12853.3333 12723.4666
13884.4889 12858.6667 12725.3632
13882.5333 12864.0000 12727.3792
13880.5778 12869.3333 12729.3880
13878.6222 12874.6667 12731.3702
13895.6889 12805.3333 12714.4671
13893.3778 12810.6667 12715.7949
13891.0667 12816.0000 12717.3842
13888.7556 12821.3333 12719.0593
13886.4444 12826.6667 12720.9672
13884.1333 12832.0000 12722.9484
13881.8222 12837.3333 12725.0723
13879.5111 12842.6667 12727.3028
13877.2000 12848.0000 12729.4146
13874.8889 12853.3333 12731.4697
13872.5778 12858.6667 12733.5556
13870.2667 12864.0000 12735.6715
13867.9556 12869.3333 12737.7936
13865.6444 12874.6667 12739.9357
13814.8444 12805.3333 12756.6766
13812.3556 12810.6667 12764.7146
13809.8667 12816.0000 12764.7146
13807.3778 12821.3333 12772.8486
13804.8889 12826.6667 12777.2906
13802.4000 12832.0000 12777.2906
13799.9111 12837.3333 12782.4566
13797.4222 12842.6667 12786.8236
13794.9333 12848.0000 12789.1076
13792.4444 12853.3333 12789.1076
13789.9556 12858.6667 12795.5696
13787.4667 12864.0000 12795.5696
13784.9778 12869.3333 12795.5696
13782.4889 12874.6667 12795.1186
13742.3556 12805.3333 12789.1076
13740.0444 12810.6667 12789.1076
13737.7333 12816.0000 12789.1076
13735.4222 12821.3333 12795.5696
13733.1111 12826.6667 12795.5696
13730.8000 12832.0000 12795.5696
13728.4889 12837.3333 12795.5696
13726.1778 12842.6667 12795.5696
13723.8667 12848.0000 12795.5696
13721.5556 12853.3333 12795.5696
13719.2444 12858.6667 12795.5696
13716.9333 12864.0000 12796.1336
13714.6222 12869.3333 12796.1336
13712.3111 12874.6667 12796.1336
13779.6889 12880.6667 12796.1336
13779.3778 12881.3333 12796.1336
13779.0667 12882.0000 12796.1336
13778.7556 12882.6667 12796.1336
13778.4444 12883.3333 12796.1336
13778.1333 12884.0000 12796.1336
13777.8222 12884.6667 12796.1336
13777.5111 12885.3333 12796.1336
13777.2000 12886.0000 12796.1336
13776.8889 12886.6667 12796.1336
13776.5778 12887.3333 12796.1336
13776.2667 12888.0000 12796.1336
13775.9556 12888.6667 12796.1336
13775.6444 12889.3333 12796.1336
13709.7111 12880.6667 12796.1336
13709.4222 12881.3333 12796.1336
13709.1333 12882.0000 12796.1336
13708.8444 12882.6667 12796.1336
13708.5556 12883.3333 12796.1336
13708.2667 12884.0000 12796.1336
13707.9778 12884.6667 12796.1336
13707.6889 12885.3333 12796.1336
13707.4000 12886.0000 12796.1336
13707.1111 12886.6667 12796.1336
13706.8222 12887.3333 12796.1336
13706.5333 12888.0000 12796.1336
13706.2444 12888.6667 12796.1336
13705.9556 12889.3333 12796.1336
13772.5333 12896.0000 12796.1336
13769.7333 12902.0000 12796.1336
13766.9333 12908.0000 12796.1336
13764.1333 12914.0000 12796.1336
13761.3333 12920.0000 12796.1336
13758.5333 12926.0000 12796.1336
13755.7333 12932.0000 12796.1336
13752.9333 12938.0000 12796.1336
13750.1333 12944.0000 12796.1336
13747.3333 12950.0000 12796.1336
13744.5333 12956.0000 12796.1336
13741.7333 12962.0000 12796.1336
13738.9333 12968.0000 12796.1336
13736.1333 12974.0000 12796.1336
13703.0667 12896.0000 12796.1336
13700.4667 12902.0000 12796.1336
14157.6444 12805.3333 12795.8376
14159.9556 12810.6667 12795.8376
14162.2667 12816.0000 12795.8376
14164.5778 12821.3333 12795.8376
14166.8889 12826.6667 12795.8376
14169.2000 12832.0000 12795.8376
14171.5111 12837.3333 12795.8376
14173.8222 12842.6667 12795.8376
14176.1333 12848.0000 12795.8376
14178.4444 12853.3333 12795.8376
14180.7556 12858.6667 12795.8376
14183.0667 12864.0000 12795.5676
14185.3778 12869.3333 12794.6556
14187.6889 12874.6667 12794.3156
14085.1556 12805.3333 12759.6676
14087.6444 12810.6667 12759.6676
14090.1333 12816.0000 12759.6676
14092.6222 12821.3333 12767.5436
14095.1111 12826.6667 12772.1456
14097.6000 12832.0000 12776.3306
14100.0889 12837.3333 12776.3306
14102.5778 12842.6667 12781.8146
14105.0667 12848.0000 12793.4636
14107.5556 12853.3333 12795.8376
14110.0444 12858.6667 12795.8376
14112.5333 12864.0000 12795.8376
14115.0222 12869.3333 12795.8376
14117.5111 12874.6667 12795.1156
14190.2889 12880.6667 12793.5696
14190.5778 12881.3333 12793.5696
14190.8667 12882.0000 12793.5696
14191.1556 12882.6667 12793.5696
14191.4444 12883.3333 12793.5696
14191.7333 12884.0000 12793.5696
14192.0222 12884.6667 12793.5696
14192.3111 12885.3333 12793.5696
14192.6000 12886.0000 12793.5696
14192.8889 12886.6667 12793.5696
14193.1778 12887.3333 12793.5696
14193.4667 12888.0000 12793.5696
14193.7556 12888.6667 12793.5696
14194.0444 12889.3333 12793.5696
14120.3111 12880.6667 12794.3156
14120.6222 12881.3333 12794.3156
14120.9333 12882.0000 12794.3156
14121.2444 12882.6667 12794.3156
14121.5556 12883.3333 12793.9526
14121.8667 12884.0000 12793.9526
14122.1778 12884.6667 12793.9526
14122.4889 12885.3333 12793.9526
14122.8000 12886.0000 12793.9526
14123.1111 12886.6667 12793.5696
14123.4222 12887.3333 12793.5696
14123.7333 12888.0000 12793.5696
14124.0444 12888.6667 12793.5696
14124.3556 12889.3333 12793.5696
14196.9333 12896.0000 12793.5696
14199.5333 12902.0000 12793.5696
14127.4667 12896.0000 12793.5696
14130.2667 12902.0000 12793.5696
14133.0667 12908.0000 12793.5696
14135.8667 12914.0000 12793.5696
14138.6667 12920.0000 12793.5696
14141.4667 12926.0000 12793.5696
14144.2667 12932.0000 12793.5696
14147.0667 12938.0000 12793.5696
14149.8667 12944.0000 12793.5696
14152.6667 12950.0000 12793.5696
14155.4667 12956.0000 12793.5696
14158.2667 12962.0000 12793.5696
14161.0667 12968.0000 12793.5696
14163.8667 12974.0000 12793.5696
14036.9556 12880.6667 12739.8101
14037.2444 12881.3333 12740.0834
14037.5333 12882.0000 12740.3564
14037.8222 12882.6667 12740.6291
14038.1111 12883.3333 12740.9017
14038.4000 12884.0000 12741.1742
14038.6889 12884.6667 12741.4468
14038.9778 12885.3333 12741.7197
14039.2667 12886.0000 12741.9929
14039.5556 12886.6667 12742.2667
14039.8444 12887.3333 12742.5411
14040.1333 12888.0000 12742.8160
14040.4222 12888.6667 12743.0917
14040.7111 12889.3333 12743.3675
14023.5778 12880.6667 12731.4221
14023.8222 12881.3333 12731.6723
14024.0667 12882.0000 12731.9253
14024.3111 12882.6667 12732.1777
14024.5556 12883.3333 12732.4298
14024.8000 12884.0000 12732.6819
14025.0444 12884.6667 12732.9347
14025.2889 12885.3333 12733.1882
14025.5333 12886.0000 12733.4421
14025.7778 12886.6667 12733.6964
14026.0222 12887.3333 12733.9509
14026.2667 12888.0000 12734.2056
14026.5111 12888.6667 12734.4613
14026.7556 12889.3333 12734.7176
14010.2000 12880.6667 12724.1269
14010.4000 12881.3333 12724.3662
14010.6000 12882.0000 12724.6082
14010.8000 12882.6667 12724.8525
14011.0000 12883.3333 12725.0988
14011.2000 12884.0000 12725.3464
14011.4000 12884.6667 12725.5939
14011.6000 12885.3333 12725.8402
14011.8000 12886.0000 12726.0859
14012.0000 12886.6667 12726.3313
14012.2000 12887.3333 12726.5768
14012.4000 12888.0000 12726.8225
14012.6000 12888.6667 12727.0688
14012.8000 12889.3333 12727.3151
13996.8222 12880.6667 12718.6009
13996.9778 12881.3333 12718.8214
13997.1333 12882.0000 12719.0451
13997.2889 12882.6667 12719.2718
13997.4444 12883.3333 12719.5007
13997.6000 12884.0000 12719.7311
13997.7556 12884.6667 12719.9616
13997.9111 12885.3333 12720.1907
13998.0667 12886.0000 12720.4193
13998.2222 12886.6667 12720.6474
13998.3778 12887.3333 12720.8752
13998.5333 12888.0000 12721.1033
13998.6889 12888.6667 12721.3320
13998.8444 12889.3333 12721.5609
13983.4444 12880.6667 12714.6548
13983.5556 12881.3333 12714.8615
13983.6667 12882.0000 12715.0719
13983.7778 12882.6667 12715.2858
13983.8889 12883.3333 12715.5022
13984.0000 12884.0000 12715.7201
13984.1111 12884.6667 12715.9384
13984.2222 12885.3333 12716.1551
13984.3333 12886.0000 12716.3711
13984.4444 12886.6667 12716.5865
13984.5556 12887.3333 12716.8014
13984.6667 12888.0000 12717.0167
13984.7778 12888.6667 12717.2327
13984.8889 12889.3333 12717.4487
13970.0667 12880.6667 12712.1529
13970.1333 12881.3333 12712.3486
13970.2000 12882.0000 12712.5472
13970.2667 12882.6667 12712.7493
13970.3333 12883.3333 12712.9544
13970.4000 12884.0000 12713.1615
13970.4667 12884.6667 12713.3699
13970.5333 12885.3333 12713.5760
13970.6000 12886.0000 12713.7811
13970.6667 12886.6667 12713.9906
13970.7333 12887.3333 12714.2021
13970.8000 12888.0000 12714.4178
13970.8667 12888.6667 12714.6280
13970.9333 12889.3333 12714.8380
13956.6889 12880.6667 12711.0121
13956.7111 12881.3333 12711.2007
13956.7333 12882.0000 12711.3914
13956.7556 12882.6667 12711.5862
13956.7778 12883.3333 12711.7874
13956.8000 12884.0000 12711.9898
13956.8222 12884.6667 12712.1923
13956.8444 12885.3333 12712.3973
13956.8667 12886.0000 12712.6046
13956.8889 12886.6667 12712.8140
13956.9111 12887.3333 12713.0254
13956.9333 12888.0000 12713.2388
13956.9556 12888.6667 12713.4538
13956.9778 12889.3333 12713.6685
13943.3111 12880.6667 12711.1931
13943.2889 12881.3333 12711.3819
13943.2667 12882.0000 12711.5728
13943.2444 12882.6667 12711.7674
13943.2222 12883.3333 12711.9660
13943.2000 12884.0000 12712.1683
13943.1778 12884.6667 12712.3744
13943.1556 12885.3333 12712.5838
13943.1333 12886.0000 12712.7891
13943.1111 12886.6667 12712.9963
13943.0889 12887.3333 12713.2054
13943.0667 12888.0000 12713.4165
13943.0444 12888.6667 12713.6292
13943.0222 12889.3333 12713.8434
13929.9333 12880.6667 12712.6989
13929.8667 12881.3333 12712.8957
13929.8000 12882.0000 12713.0972
13929.7333 12882.6667 12713.3026
13929.6667 12883.3333 12713.5111
13929.6000 12884.0000 12713.7215
13929.5333 12884.6667 12713.9319
13929.4667 12885.3333 12714.1402
13929.4000 12886.0000 12714.3476
13929.3333 12886.6667 12714.5549
13929.2667 12887.3333 12714.7622
13929.2000 12888.0000 12714.9701
13929.1333 12888.6667 12715.1778
13929.0667 12889.3333 12715.3845
13916.5556 12880.6667 12715.5892
13916.4444 12881.3333 12715.7956
13916.3333 12882.0000 12716.0057
13916.2222 12882.6667 12716.2192
13916.1111 12883.3333 12716.4353
13916.0000 12884.0000 12716.6530
13915.8889 12884.6667 12716.8709
13915.7778 12885.3333 12717.0872
13915.6667 12886.0000 12717.3030
13915.5556 12886.6667 12717.5181
13915.4444 12887.3333 12717.7328
13915.3333 12888.0000 12717.9478
13915.2222 12888.6667 12718.1635
13915.1111 12889.3333 12718.3795
13903.1778 12880.6667 12719.9514
13903.0222 12881.3333 12720.1716
13902.8667 12882.0000 12720.3950
13902.7111 12882.6667 12720.6211
13902.5556 12883.3333 12720.8495
13902.4000 12884.0000 12721.0795
13902.2444 12884.6667 12721.3096
13902.0889 12885.3333 12721.5383
13901.9333 12886.0000 12721.7664
13901.7778 12886.6667 12721.9943
13901.6222 12887.3333 12722.2219
13901.4667 12888.0000 12722.4496
13901.3111 12888.6667 12722.6779
13901.1556 12889.3333 12722.9063
13889.8000 12880.6667 12725.9452
13889.6000 12881.3333 12726.1844
13889.4000 12882.0000 12726.4266
13889.2000 12882.6667 12726.6711
13889.0000 12883.3333 12726.9168
13888.8000 12884.0000 12727.1637
13888.6000 12884.6667 12727.4106
13888.4000 12885.3333 12727.6563
13888.2000 12886.0000 12727.9014
13888.0000 12886.6667 12728.1463
13887.8000 12887.3333 12728.3912
13887.6000 12888.0000 12728.6361
13887.4000 12888.6667 12728.8811
13887.2000 12889.3333 12729.1262
13876.4222 12880.6667 12733.5666
13876.1778 12881.3333 12733.8166
13875.9333 12882.0000 12734.0692
13875.6889 12882.6667 12734.3242
13875.4444 12883.3333 12734.5798
13875.2000 12884.0000 12734.8360
13874.9556 12884.6667 12735.0922
13874.7111 12885.3333 12735.3469
13874.4667 12886.0000 12735.6006
13874.2222 12886.6667 12735.8533
13873.9778 12887.3333 12736.1054
13873.7333 12888.0000 12736.3569
13873.4889 12888.6667 12736.6079
13873.2444 12889.3333 12736.8584
13863.0444 12880.6667 12742.3653
13862.7556 12881.3333 12742.6394
13862.4667 12882.0000 12742.9159
13862.1778 12882.6667 12743.1944
13861.8889 12883.3333 12743.4729
13861.6000 12884.0000 12743.7508
13861.3111 12884.6667 12744.0275
13861.0222 12885.3333 12744.3022
13860.7333 12886.0000 12744.5749
13860.4444 12886.6667 12744.8455
13860.1556 12887.3333 12745.1142
13859.8667 12888.0000 12745.3813
13859.5778 12888.6667 12745.6471
13859.2889 12889.3333 12745.9115
13890.0000 12800.0000 12770.4248
14010.0000 12800.0000 12767.9147
13850.0000 12880.0000 12784.3648
13845.0000 12890.0000 12788.1083
13800.0000 12980.0000 12825.2756
14050.0000 12880.0000 12781.3666
14055.0000 12890.0000 12785.1902
14100.0000 12980.0000 12825.2106
13817.3333 12800.0000 12798.4992
13744.6667 12800.0000 12827.9842
14002.0000 12800.0000 12762.9197
13994.0000 12800.0000 12758.8582
13986.0000 12800.0000 12755.6235
13978.0000 12800.0000 12753.1367
13970.0000 12800.0000 12751.3413
13962.0000 12800.0000 12750.2081
13954.0000 12800.0000 12749.7127
13946.0000 12800.0000 12749.8484
13938.0000 12800.0000 12750.6186
13930.0000 12800.0000 12752.0331
13922.0000 12800.0000 12754.1223
13914.0000 12800.0000 12756.9255
13906.0000 12800.0000 12760.5045
13898.0000 12800.0000 12764.9588
14155.3333 12800.0000 12836.6202
14082.6667 12800.0000 12798.1082
13887.3333 12805.3333 12769.4692
13884.6667 12810.6667 12768.8320
13882.0000 12816.0000 12768.6785
13879.3333 12821.3333 12768.8787
13876.6667 12826.6667 12769.4595
13874.0000 12832.0000 12770.2867
13871.3333 12837.3333 12771.3638
13868.6667 12842.6667 12772.6180
13866.0000 12848.0000 12774.0192
13863.3333 12853.3333 12775.5465
13860.6667 12858.6667 12777.1693
13858.0000 12864.0000 12778.8732
13855.3333 12869.3333 12780.6314
13852.6667 12874.6667 12782.4812
13780.0000 12880.0000 12820.5170
13710.0000 12880.0000 12819.8516
13849.6667 12880.6667 12784.6113
13849.3333 12881.3333 12784.8647
13849.0000 12882.0000 12785.1192
13848.6667 12882.6667 12785.3788
13848.3333 12883.3333 12785.6387
13848.0000 12884.0000 12785.8947
13847.6667 12884.6667 12786.1469
13847.3333 12885.3333 12786.3969
13847.0000 12886.0000 12786.6453
13846.6667 12886.6667 12786.8914
13846.3333 12887.3333 12787.1376
13846.0000 12888.0000 12787.3826
13845.6667 12888.6667 12787.6271
13845.3333 12889.3333 12787.8694
13775.3333 12890.0000 12819.6145
13705.6667 12890.0000 12819.6469
13842.0000 12896.0000 12789.6577
13839.0000 12902.0000 12793.9941
13836.0000 12908.0000 12796.2222
13833.0000 12914.0000 12798.4862
13830.0000 12920.0000 12800.7936
13827.0000 12926.0000 12805.4589
13824.0000 12932.0000 12807.9091
13821.0000 12938.0000 12810.4551
13818.0000 12944.0000 12815.4932
13815.0000 12950.0000 12818.2838
13812.0000 12956.0000 12821.2266
13809.0000 12962.0000 12821.9064
13806.0000 12968.0000 12822.7831
13803.0000 12974.0000 12823.8930
13733.3333 12980.0000 12827.0139
14190.0000 12880.0000 12819.7866
14120.0000 12880.0000 12820.5240
14047.3333 12874.6667 12779.4331
14044.6667 12869.3333 12777.5690
14042.0000 12864.0000 12775.7937
14039.3333 12858.6667 12774.0842
14036.6667 12853.3333 12772.4667
14034.0000 12848.0000 12770.9558
14031.3333 12842.6667 12769.5851
14028.6667 12837.3333 12768.3921
14026.0000 12832.0000 12767.3728
14023.3333 12826.6667 12766.6406
14020.6667 12821.3333 12766.1326
14018.0000 12816.0000 12766.0662
14015.3333 12810.6667 12766.2469
14012.6667 12805.3333 12766.7867
14194.3333 12890.0000 12819.5819
14124.6667 12890.0000 12819.5495
14054.6667 12889.3333 12784.9374
14054.3333 12888.6667 12784.6813
14054.0000 12888.0000 12784.4241
14053.6667 12887.3333 12784.1645
14053.3333 12886.6667 12783.9053
14053.0000 12886.0000 12783.6467
14052.6667 12885.3333 12783.3894
14052.3333 12884.6667 12783.1324
14052.0000 12884.0000 12782.8756
14051.6667 12883.3333 12782.6190
14051.3333 12882.6667 12782.3630
14051.0000 12882.0000 12782.1110
14050.6667 12881.3333 12781.8611
14050.3333 12880.6667 12781.6129
14166.6667 12980.0000 12826.9489
14097.0000 12974.0000 12823.8280
14094.0000 12968.0000 12822.7181
14091.0000 12962.0000 12821.8414
14088.0000 12956.0000 12818.7386
14085.0000 12950.0000 12813.4228
14082.0000 12944.0000 12810.6642
14079.0000 12938.0000 12808.0291
14076.0000 12932.0000 12803.2191
14073.0000 12926.0000 12800.8129
14070.0000 12920.0000 12798.4736
14067.0000 12914.0000 12796.1872
14064.0000 12908.0000 12791.7872
14061.0000 12902.0000 12789.6441
14058.0000 12896.0000 12787.5357
14036.6667 12880.0000 12770.9500
14023.3333 12880.0000 12762.0401
14010.0000 12880.0000 12754.3660
13996.6667 12880.0000 12748.3882
13983.3333 12880.0000 12744.1436
13970.0000 12880.0000 12741.4590
13956.6667 12880.0000 12740.2349
13943.3333 12880.0000 12740.4214
13930.0000 12880.0000 12742.0225
13916.6667 12880.0000 12745.1101
13903.3333 12880.0000 12749.7909
13890.0000 12880.0000 12756.2689
13876.6667 12880.0000 12764.2474
13863.3333 12880.0000 12773.5571
13859.0000 12890.0000 12777.0450
13873.0000 12890.0000 12767.5242
13887.0000 12890.0000 12759.4913
13901.0000 12890.0000 12752.8070
13915.0000 12890.0000 12747.9782
13929.0000 12890.0000 12744.7936
13943.0000 12890.0000 12743.1478
13957.0000 12890.0000 12742.9644
13971.0000 12890.0000 12744.2352
13985.0000 12890.0000 12747.0259
13999.0000 12890.0000 12751.4248
14013.0000 12890.0000 12757.6089
14027.0000 12890.0000 12765.3662
14041.0000 12890.0000 12774.5042
13814.8444 12805.3333 12805.7029
13812.3556 12810.6667 12808.0523
13809.8667 12816.0000 12811.0809
13807.3778 12821.3333 12809.7909
13804.8889 12826.6667 12808.7129
13802.4000 12832.0000 12816.5570
13799.9111 12837.3333 12815.8248
13797.4222 12842.6667 12815.2304
13794.9333 12848.0000 12823.3892
13792.4444 12853.3333 12823.0105
13789.9556 12858.6667 12822.7137
13787.4667 12864.0000 12822.4840
13784.9778 12869.3333 12822.3086
13782.4889 12874.6667 12821.0219
13742.3556 12805.3333 12834.2602
13740.0444 12810.6667 12832.2131
13737.7333 12816.0000 12830.4468
13735.4222 12821.3333 12828.9313
13733.1111 12826.6667 12827.6385
13730.8000 12832.0000 12826.5424
13728.4889 12837.3333 12825.6188
13726.1778 12842.6667 12824.8458
13723.8667 12848.0000 12824.2031
13721.5556 12853.3333 12823.6727
13719.2444 12858.6667 12823.2383
13716.9333 12864.0000 12821.7308
13714.6222 12869.3333 12821.0400
13712.3111 12874.6667 12820.0236
13779.6889 12880.6667 12820.1070
13779.3778 12881.3333 12820.0974
13779.0667 12882.0000 12820.0883
13778.7556 12882.6667 12820.0795
13778.4444 12883.3333 12820.0711
13778.1333 12884.0000 12819.6702
13777.8222 12884.6667 12819.6626
13777.5111 12885.3333 12819.6553
13777.2000 12886.0000 12819.6485
13776.8889 12886.6667 12819.6419
13776.5778 12887.3333 12819.6358
13776.2667 12888.0000 12819.6300
13775.9556 12888.6667 12819.6245
13775.6444 12889.3333 12819.6193
13709.7111 12880.6667 12819.8334
13709.4222 12881.3333 12819.8158
13709.1333 12882.0000 12819.7990
13708.8444 12882.6667 12819.7828
13708.5556 12883.3333 12819.7672
13708.2667 12884.0000 12819.7524
13707.9778 12884.6667 12819.7381
13707.6889 12885.3333 12819.7246
13707.4000 12886.0000 12819.7116
13707.1111 12886.6667 12819.6993
13706.8222 12887.3333 12819.6876
13706.5333 12888.0000 12819.6765
13706.2444 12888.6667 12819.6660
13705.9556 12889.3333 12819.6562
13772.5333 12896.0000 12819.5852
13769.7333 12902.0000 12819.5810
13766.9333 12908.0000 12819.6038
13764.1333 12914.0000 12819.6587
13761.3333 12920.0000 12819.7538
13758.5333 12926.0000 12819.9006
13755.7333 12932.0000 12820.1138
13752.9333 12938.0000 12820.4112
13750.1333 12944.0000 12820.8137
13747.3333 12950.0000 12821.3455
13744.5333 12956.0000 12822.0341
13741.7333 12962.0000 12822.9098
13738.9333 12968.0000 12824.0066
13736.1333 12974.0000 12825.3612
13703.0667 12896.0000 12819.5905
13700.4667 12902.0000 12819.5824
14157.6444 12805.3333 12834.2602
14159.9556 12810.6667 12832.2131
14162.2667 12816.0000 12830.4468
14164.5778 12821.3333 12828.9313
14166.8889 12826.6667 12827.6385
14169.2000 12832.0000 12826.5424
14171.5111 12837.3333 12825.6188
14173.8222 12842.6667 12824.8458
14176.1333 12848.0000 12824.2031
14178.4444 12853.3333 12823.6727
14180.7556 12858.6667 12823.2383
14183.0667 12864.0000 12821.7308
14185.3778 12869.3333 12821.0470
14187.6889 12874.6667 12819.9586
14085.1556 12805.3333 12800.4209
14087.6444 12810.6667 12803.1283
14090.1333 12816.0000 12806.1249
14092.6222 12821.3333 12804.8349
14095.1111 12826.6667 12807.8769
14097.6000 12832.0000 12806.9840
14100.0889 12837.3333 12810.7708
14102.5778 12842.6667 12823.8664
14105.0667 12848.0000 12823.3892
14107.5556 12853.3333 12823.0105
14110.0444 12858.6667 12822.7137
14112.5333 12864.0000 12822.4840
14115.0222 12869.3333 12822.3086
14117.5111 12874.6667 12821.0219
14190.2889 12880.6667 12819.7684
14190.5778 12881.3333 12819.7508
14190.8667 12882.0000 12819.7340
14191.1556 12882.6667 12819.7178
14191.4444 12883.3333 12819.7022
14191.7333 12884.0000 12819.6874
14192.0222 12884.6667 12819.6731
14192.3111 12885.3333 12819.6596
14192.6000 12886.0000 12819.6466
14192.8889 12886.6667 12819.6343
14193.1778 12887.3333 12819.6226
14193.4667 12888.0000 12819.6115
14193.7556 12888.6667 12819.6010
14194.0444 12889.3333 12819.5912
14120.3111 12880.6667 12820.5140
14120.6222 12881.3333 12820.0824
14120.9333 12882.0000 12820.0733
14121.2444 12882.6667 12820.0645
14121.5556 12883.3333 12820.0561
14121.8667 12884.0000 12819.6052
14122.1778 12884.6667 12819.5976
14122.4889 12885.3333 12819.5903
14122.8000 12886.0000 12819.5835
14123.1111 12886.6667 12819.5769
14123.4222 12887.3333 12819.5708
14123.7333 12888.0000 12819.5650
14124.0444 12888.6667 12819.5595
14124.3556 12889.3333 12819.5543
14196.9333 12896.0000 12819.5255
14199.5333 12902.0000 12819.5174
14127.4667 12896.0000 12819.5202
14130.2667 12902.0000 12819.5160
14133.0667 12908.0000 12819.5388
14135.8667 12914.0000 12819.5937
14138.6667 12920.0000 12819.6888
14141.4667 12926.0000 12819.8356
14144.2667 12932.0000 12820.0488
14147.0667 12938.0000 12820.3462
14149.8667 12944.0000 12820.7487
14152.6667 12950.0000 12821.2805
14155.4667 12956.0000 12821.9691
14158.2667 12962.0000 12822.8448
14161.0667 12968.0000 12823.9416
14163.8667 12974.0000 12825.2962
14004.3111 12805.3333 12761.1682
14006.6222 12810.6667 12759.9377
14008.9333 12816.0000 12759.2633
14011.2444 12821.3333 12758.9300
14013.5556 12826.6667 12759.1186
14015.8667 12832.0000 12759.5626
14018.1778 12837.3333 12760.3031
14020.4889 12842.6667 12761.0512
14022.8000 12848.0000 12762.0655
14025.1111 12853.3333 12763.2249
14027.4222 12858.6667 12764.5229
14029.7333 12864.0000 12765.9721
14032.0444 12869.3333 12767.5147
14034.3556 12874.6667 12769.1835
13995.9556 12805.3333 12756.6340
13997.9111 12810.6667 12754.9023
13999.8667 12816.0000 12753.7164
14001.8222 12821.3333 12752.8367
14003.7778 12826.6667 12752.5125
14005.7333 12832.0000 12752.3715
14007.6889 12837.3333 12752.7086
14009.6444 12842.6667 12753.1903
14011.6000 12848.0000 12754.0101
14013.5556 12853.3333 12754.9953
14015.5111 12858.6667 12756.1711
14017.4667 12864.0000 12757.5667
14019.4222 12869.3333 12758.9122
14021.3778 12874.6667 12760.4617
13987.6000 12805.3333 12753.0349
13989.2000 12810.6667 12750.9266
13990.8000 12816.0000 12749.3657
13992.4000 12821.3333 12748.0842
13994.0000 12826.6667 12747.3836
13995.6000 12832.0000 12746.8409
13997.2000 12837.3333 12746.8196
13998.8000 12842.6667 12746.9276
14000.4000 12848.0000 12747.4180
14002.0000 12853.3333 12748.0950
14003.6000 12858.6667 12748.9732
14005.2000 12864.0000 12750.1249
14006.8000 12869.3333 12751.3260
14008.4000 12874.6667 12752.8526
13979.2444 12805.3333 12750.2784
13980.4889 12810.6667 12747.8889
13981.7333 12816.0000 12746.0530
13982.9778 12821.3333 12744.4796
13984.2222 12826.6667 12743.5068
13985.4667 12832.0000 12742.6729
13986.7111 12837.3333 12742.3940
13987.9556 12842.6667 12742.2467
13989.2000 12848.0000 12742.4901
13990.4444 12853.3333 12742.9430
13991.6889 12858.6667 12743.6055
13992.9333 12864.0000 12744.5872
13994.1778 12869.3333 12745.6156
13995.4222 12874.6667 12747.0112
13970.8889 12805.3333 12748.2946
13971.7778 12810.6667 12745.7118
13972.6667 12816.0000 12743.6776
13973.5556 12821.3333 12741.9013
13974.4444 12826.6667 12740.7379
13975.3333 12832.0000 12739.7048
13976.2222 12837.3333 12739.2453
13977.1111 12842.6667 12738.9083
13978.0000 12848.0000 12738.9923
13978.8889 12853.3333 12739.2883
13979.7778 12858.6667 12739.8046
13980.6667 12864.0000 12740.6618
13981.5556 12869.3333 12741.5636
13982.4444 12874.6667 12742.8658
13962.5333 12805.3333 12747.0395
13963.0667 12810.6667 12744.3373
13963.6000 12816.0000 12742.1768
13964.1333 12821.3333 12740.2728
13964.6667 12826.6667 12738.9898
13965.2000 12832.0000 12737.8314
13965.7333 12837.3333 12737.2583
13966.2667 12842.6667 12736.8016
13966.8000 12848.0000 12736.7857
13967.3333 12853.3333 12736.9793
13967.8667 12858.6667 12737.4115
13968.4000 12864.0000 12738.1806
13968.9333 12869.3333 12739.0021
13969.4667 12874.6667 12740.2422
13954.1778 12805.3333 12746.4930
13954.3556 12810.6667 12743.7224
13954.5333 12816.0000 12741.5134
13954.7111 12821.3333 12739.5464
13954.8889 12826.6667 12738.2093
13955.0667 12832.0000 12736.9936
13955.2444 12837.3333 12736.3676
13955.4222 12842.6667 12735.8570
13955.6000 12848.0000 12735.7906
13955.7778 12853.3333 12735.9397
13955.9556 12858.6667 12736.3181
13956.1333 12864.0000 12737.0543
13956.3111 12869.3333 12737.8394
13956.4889 12874.6667 12739.0428
13945.8222 12805.3333 12746.6333
13945.6444 12810.6667 12743.8735
13945.4667 12816.0000 12741.6699
13945.2889 12821.3333 12739.7106
13945.1111 12826.6667 12738.3786
13944.9333 12832.0000 12737.1667
13944.7556 12837.3333 12736.5459
13944.5778 12842.6667 12736.0388
13944.4000 12848.0000 12735.9753
13944.2222 12853.3333 12736.1264
13944.0444 12858.6667 12736.5049
13943.8667 12864.0000 12737.2424
13943.6889 12869.3333 12738.0276
13943.5111 12874.6667 12739.2319
13937.4667 12805.3333 12747.4721
13936.9333 12810.6667 12744.7913
13936.4000 12816.0000 12742.6520
13935.8667 12821.3333 12740.7679
13935.3333 12826.6667 12739.5005
13934.8000 12832.0000 12738.3588
13934.2667 12837.3333 12737.7981
13933.7333 12842.6667 12737.3520
13933.2000 12848.0000 12737.3438
13932.6667 12853.3333 12737.5443
13932.1333 12858.6667 12737.9816
13931.6000 12864.0000 12738.7507
13931.0667 12869.3333 12739.5720
13930.5333 12874.6667 12740.8112
13929.1111 12805.3333 12749.0279
13928.2222 12810.6667 12746.4844
13927.3333 12816.0000 12744.4823
13926.4444 12821.3333 12742.7412
13925.5556 12826.6667 12741.6065
13924.6667 12832.0000 12740.6004
13923.7778 12837.3333 12740.1625
13922.8889 12842.6667 12739.8496
13922.0000 12848.0000 12739.9455
13921.1111 12853.3333 12740.2527
13920.2222 12858.6667 12740.7764
13919.3333 12864.0000 12741.6344
13918.4444 12869.3333 12742.5379
13917.5556 12874.6667 12743.8361
13920.7556 12805.3333 12751.3246
13919.5111 12810.6667 12748.9940
13918.2667 12816.0000 12747.2092
13917.0222 12821.3333 12745.6896
13915.7778 12826.6667 12744.7585
13914.5333 12832.0000 12743.9704
13913.2889 12837.3333 12743.7222
13912.0444 12842.6667 12743.6017
13910.8000 12848.0000 12743.8733
13909.5556 12853.3333 12744.3435
13908.3111 12858.6667 12745.0190
13907.0667 12864.0000 12746.0025
13905.8222 12869.3333 12747.0313
13904.5778 12874.6667 12748.4211
13912.4000 12805.3333 12754.4200
13910.8000 12810.6667 12752.3923
13909.2000 12816.0000 12750.9061
13907.6000 12821.3333 12749.7025
13906.0000 12826.6667 12749.0633
13904.4000 12832.0000 12748.5854
13902.8000 12837.3333 12748.6111
13901.2000 12842.6667 12748.7716
13899.6000 12848.0000 12749.2926
13898.0000 12853.3333 12749.9962
13896.4000 12858.6667 12750.8880
13894.8000 12864.0000 12752.0481
13893.2000 12869.3333 12753.2553
13891.6000 12874.6667 12754.7688
13904.0444 12805.3333 12758.3933
13902.0889 12810.6667 12756.7739
13900.1333 12816.0000 12755.6955
13898.1778 12821.3333 12754.9224
13896.2222 12826.6667 12754.6900
13894.2667 12832.0000 12754.6442
13892.3111 12837.3333 12755.0554
13890.3556 12842.6667 12755.6031
13888.4000 12848.0000 12756.4799
13886.4444 12853.3333 12757.5281
13884.4889 12858.6667 12758.6305
13882.5333 12864.0000 12759.8585
13880.5778 12869.3333 12761.1614
13878.6222 12874.6667 12762.6891
13895.6889 12805.3333 12763.3602
13893.3778 12810.6667 12762.2876
13891.0667 12816.0000 12761.7560
13888.7556 12821.3333 12761.6099
13886.4444 12826.6667 12761.8948
13884.1333 12832.0000 12762.2150
13881.8222 12837.3333 12762.8693
13879.5111 12842.6667 12763.6827
13877.2000 12848.0000 12764.7135
13874.8889 12853.3333 12765.8883
13872.5778 12858.6667 12767.1968
13870.2667 12864.0000 12768.6403
13867.9556 12869.3333 12770.1830
13865.6444 12874.6667 12771.8273
14036.9556 12880.6667 12771.1764
14037.2444 12881.3333 12771.4053
14037.5333 12882.0000 12771.6364
14037.8222 12882.6667 12771.8694
14038.1111 12883.3333 12772.1039
14038.4000 12884.0000 12772.3389
14038.6889 12884.6667 12772.5749
14038.9778 12885.3333 12772.8121
14039.2667 12886.0000 12773.0507
14039.5556 12886.6667 12773.2906
14039.8444 12887.3333 12773.5318
14040.1333 12888.0000 12773.7741
14040.4222 12888.6667 12774.0172
14040.7111 12889.3333 12774.2608
14023.5778 12880.6667 12762.2502
14023.8222 12881.3333 12762.4647
14024.0667 12882.0000 12762.6829
14024.3111 12882.6667 12762.9041
14024.5556 12883.3333 12763.1272
14024.8000 12884.0000 12763.3496
14025.0444 12884.6667 12763.5709
14025.2889 12885.3333 12763.7924
14025.5333 12886.0000 12764.0144
14025.7778 12886.6667 12764.2373
14026.0222 12887.3333 12764.4615
14026.2667 12888.0000 12764.6868
14026.5111 12888.6667 12764.9129
14026.7556 12889.3333 12765.1396
14010.2000 12880.6667 12754.5691
14010.4000 12881.3333 12754.7804
14010.6000 12882.0000 12754.9958
14010.8000 12882.6667 12755.2136
14011.0000 12883.3333 12755.4342
14011.2000 12884.0000 12755.6536
14011.4000 12884.6667 12755.8710
14011.6000 12885.3333 12756.0878
14011.8000 12886.0000 12756.3043
14012.0000 12886.6667 12756.5206
14012.2000 12887.3333 12756.7378
14012.4000 12888.0000 12756.9552
14012.6000 12888.6667 12757.1730
14012.8000 12889.3333 12757.3910
13996.8222 12880.6667 12748.5762
13996.9778 12881.3333 12748.7727
13997.1333 12882.0000 12748.9739
13997.2889 12882.6667 12749.1788
13997.4444 12883.3333 12749.3861
13997.6000 12884.0000 12749.5922
13997.7556 12884.6667 12749.7966
13997.9111 12885.3333 12749.9999
13998.0667 12886.0000 12750.2023
13998.2222 12886.6667 12750.4046
13998.3778 12887.3333 12750.6080
13998.5333 12888.0000 12750.8122
13998.6889 12888.6667 12751.0165
13998.8444 12889.3333 12751.2207
13983.4444 12880.6667 12744.3201
13983.5556 12881.3333 12744.5066
13983.6667 12882.0000 12744.6989
13983.7778 12882.6667 12744.8935
13983.8889 12883.3333 12745.0896
13984.0000 12884.0000 12745.2858
13984.1111 12884.6667 12745.4795
13984.2222 12885.3333 12745.6721
13984.3333 12886.0000 12745.8643
13984.4444 12886.6667 12746.0566
13984.5556 12887.3333 12746.2495
13984.6667 12888.0000 12746.4432
13984.7778 12888.6667 12746.6374
13984.8889 12889.3333 12746.8318
13970.0667 12880.6667 12741.6262
13970.1333 12881.3333 12741.8046
13970.2000 12882.0000 12741.9856
13970.2667 12882.6667 12742.1654
13970.3333 12883.3333 12742.3472
13970.4000 12884.0000 12742.5335
13970.4667 12884.6667 12742.7254
13970.5333 12885.3333 12742.9169
13970.6000 12886.0000 12743.1015
13970.6667 12886.6667 12743.2892
13970.7333 12887.3333 12743.4777
13970.8000 12888.0000 12743.6664
13970.8667 12888.6667 12743.8554
13970.9333 12889.3333 12744.0464
13956.6889 12880.6667 12740.3897
13956.7111 12881.3333 12740.5498
13956.7333 12882.0000 12740.7176
13956.7556 12882.6667 12740.8951
13956.7778 12883.3333 12741.0702
13956.8000 12884.0000 12741.2478
13956.8222 12884.6667 12741.4295
13956.8444 12885.3333 12741.6151
13956.8667 12886.0000 12741.8044
13956.8889 12886.6667 12741.9972
13956.9111 12887.3333 12742.1933
13956.9333 12888.0000 12742.3920
13956.9556 12888.6667 12742.5891
13956.9778 12889.3333 12742.7809
13943.3111 12880.6667 12740.5764
13943.2889 12881.3333 12740.7370
13943.2667 12882.0000 12740.9038
13943.2444 12882.6667 12741.0765
13943.2222 12883.3333 12741.2550
13943.2000 12884.0000 12741.4401
13943.1778 12884.6667 12741.6283
13943.1556 12885.3333 12741.8104
13943.1333 12886.0000 12741.9963
13943.1111 12886.6667 12742.1857
13943.0889 12887.3333 12742.3783
13943.0667 12888.0000 12742.5740
13943.0444 12888.6667 12742.7713
13943.0222 12889.3333 12742.9637
13929.9333 12880.6667 12742.1909
13929.8667 12881.3333 12742.3698
13929.8000 12882.0000 12742.5542
13929.7333 12882.6667 12742.7407
13929.6667 12883.3333 12742.9318
13929.6000 12884.0000 12743.1214
13929.5333 12884.6667 12743.3076
13929.4667 12885.3333 12743.4928
13929.4000 12886.0000 12743.6776
13929.3333 12886.6667 12743.8627
13929.2667 12887.3333 12744.0490
13929.2000 12888.0000 12744.2354
13929.1333 12888.6667 12744.4219
13929.0667 12889.3333 12744.6082
13916.5556 12880.6667 12745.2858
13916.4444 12881.3333 12745.4715
13916.3333 12882.0000 12745.6627
13916.2222 12882.6667 12745.8567
13916.1111 12883.3333 12746.0517
13916.0000 12884.0000 12746.2466
13915.8889 12884.6667 12746.4398
13915.7778 12885.3333 12746.6319
13915.6667 12886.0000 12746.8232
13915.5556 12886.6667 12747.0143
13915.4444 12887.3333 12747.2064
13915.3333 12888.0000 12747.3990
13915.2222 12888.6667 12747.5921
13915.1111 12889.3333 12747.7853
13903.1778 12880.6667 12749.9782
13903.0222 12881.3333 12750.1725
13902.8667 12882.0000 12750.3726
13902.7111 12882.6667 12750.5769
13902.5556 12883.3333 12750.7837
13902.4000 12884.0000 12750.9885
13902.2444 12884.6667 12751.1911
13902.0889 12885.3333 12751.3931
13901.9333 12886.0000 12751.5943
13901.7778 12886.6667 12751.7950
13901.6222 12887.3333 12751.9968
13901.4667 12888.0000 12752.1994
13901.3111 12888.6667 12752.4022
13901.1556 12889.3333 12752.6048
13889.8000 12880.6667 12756.4708
13889.6000 12881.3333 12756.6807
13889.4000 12882.0000 12756.8949
13889.2000 12882.6667 12757.1114
13889.0000 12883.3333 12757.3291
13888.8000 12884.0000 12757.5470
13888.6000 12884.6667 12757.7642
13888.4000 12885.3333 12757.9809
13888.2000 12886.0000 12758.1970
13888.0000 12886.6667 12758.4122
13887.8000 12887.3333 12758.6262
13887.6000 12888.0000 12758.8418
13887.4000 12888.6667 12759.0589
13887.2000 12889.3333 12759.2759
13876.4222 12880.6667 12764.4570
13876.1778 12881.3333 12764.6742
13875.9333 12882.0000 12764.8949
13875.6889 12882.6667 12765.1178
13875.4444 12883.3333 12765.3429
13875.2000 12884.0000 12765.5666
13874.9556 12884.6667 12765.7878
13874.7111 12885.3333 12766.0077
13874.4667 12886.0000 12766.2263
13874.2222 12886.6667 12766.4437
13873.9778 12887.3333 12766.6608
13873.7333 12888.0000 12766.8774
13873.4889 12888.6667 12767.0936
13873.2444 12889.3333 12767.3092
13863.0444 12880.6667 12773.7846
13862.7556 12881.3333 12774.0195
13862.4667 12882.0000 12774.2577
13862.1778 12882.6667 12774.4973
13861.8889 12883.3333 12774.7390
13861.6000 12884.0000 12774.9790
13861.3111 12884.6667 12775.2157
13861.0222 12885.3333 12775.4497
13860.7333 12886.0000 12775.6811
13860.4444 12886.6667 12775.9107
13860.1556 12887.3333 12776.1393
13859.8667 12888.0000 12776.3683
13859.5778 12888.6667 12776.5957
13859.2889 12889.3333 12776.8216