300.0000 300.0000 300.0000
13370.0000 12800.0000 12800.0000
13530.0000 12800.0000 12800.0000
13586.0000 12880.0000 12800.0000
13314.0000 12880.0000 12800.0000
13307.0000 12890.0000 12800.0000
13300.0000 12900.0000 12800.0000
13593.0000 12890.0000 12800.0000
13600.0000 12900.0000 12800.0000
13380.6667 12800.0000 12800.0000
13391.3333 12800.0000 12800.0000
13402.0000 12800.0000 12800.0000
13412.6667 12800.0000 12800.0000
13423.3333 12800.0000 12800.0000
13434.0000 12800.0000 12800.0000
13444.6667 12800.0000 12800.0000
13455.3333 12800.0000 12800.0000
13466.0000 12800.0000 12800.0000
13476.6667 12800.0000 12800.0000
13487.3333 12800.0000 12800.0000
13498.0000 12800.0000 12800.0000
13508.6667 12800.0000 12800.0000
13519.3333 12800.0000 12800.0000
13533.7333 12805.3333 12800.0000
13537.4667 12810.6667 12800.0000
13541.2000 12816.0000 12800.0000
13544.9333 12821.3333 12800.0000
13548.6667 12826.6667 12800.0000
13552.4000 12832.0000 12800.0000
13556.1333 12837.3333 12800.0000
13559.8667 12842.6667 12800.0000
13563.6000 12848.0000 12800.0000
13567.3333 12853.3333 12800.0000
13571.0667 12858.6667 12800.0000
13574.8000 12864.0000 12800.0000
13578.5333 12869.3333 12800.0000
13582.2667 12874.6667 12800.0000
13567.8667 12880.0000 12800.0000
13549.7333 12880.0000 12800.0000
13531.6000 12880.0000 12800.0000
13513.4667 12880.0000 12800.0000
13495.3333 12880.0000 12800.0000
13477.2000 12880.0000 12800.0000
13459.0667 12880.0000 12800.0000
13440.9333 12880.0000 12800.0000
13422.8000 12880.0000 12800.0000
13404.6667 12880.0000 12800.0000
13386.5333 12880.0000 12800.0000
13368.4000 12880.0000 12800.0000
13350.2667 12880.0000 12800.0000
13332.1333 12880.0000 12800.0000
13317.7333 12874.6667 12800.0000
13321.4667 12869.3333 12800.0000
13325.2000 12864.0000 12800.0000
13328.9333 12858.6667 12800.0000
13332.6667 12853.3333 12800.0000
13336.4000 12848.0000 12800.0000
13340.1333 12842.6667 12800.0000
13343.8667 12837.3333 12800.0000
13347.6000 12832.0000 12800.0000
13351.3333 12826.6667 12800.0000
13355.0667 12821.3333 12800.0000
13358.8000 12816.0000 12800.0000
13362.5333 12810.6667 12800.0000
13366.2667 12805.3333 12800.0000
13332.0000 12800.0000 12800.0000
13294.0000 12800.0000 12800.0000
13256.0000 12800.0000 12800.0000
13644.0000 12800.0000 12800.0000
13606.0000 12800.0000 12800.0000
13568.0000 12800.0000 12800.0000
13279.7333 12880.0000 12800.0000
13245.4667 12880.0000 12800.0000
13313.5333 12880.6667 12800.0000
13313.0667 12881.3333 12800.0000
13312.6000 12882.0000 12800.0000
13312.1333 12882.6667 12800.0000
13311.6667 12883.3333 12800.0000
13311.2000 12884.0000 12800.0000
13310.7333 12884.6667 12800.0000
13310.2667 12885.3333 12800.0000
13309.8000 12886.0000 12800.0000
13309.3333 12886.6667 12800.0000
13308.8667 12887.3333 12800.0000
13308.4000 12888.0000 12800.0000
13307.9333 12888.6667 12800.0000
13307.4667 12889.3333 12800.0000
13273.2000 12890.0000 12800.0000
13306.5333 12890.6667 12800.0000
13306.0667 12891.3333 12800.0000
13305.6000 12892.0000 12800.0000
13305.1333 12892.6667 12800.0000
13304.6667 12893.3333 12800.0000
13304.2000 12894.0000 12800.0000
13303.7333 12894.6667 12800.0000
13303.2667 12895.3333 12800.0000
13302.8000 12896.0000 12800.0000
13302.3333 12896.6667 12800.0000
13301.8667 12897.3333 12800.0000
13301.4000 12898.0000 12800.0000
13300.9333 12898.6667 12800.0000
13300.4667 12899.3333 12800.0000
13266.6667 12900.0000 12800.0000
13654.5333 12880.0000 12800.0000
13620.2667 12880.0000 12800.0000
13626.8000 12890.0000 12800.0000
13592.5333 12889.3333 12800.0000
13592.0667 12888.6667 12800.0000
13591.6000 12888.0000 12800.0000
13591.1333 12887.3333 12800.0000
13590.6667 12886.6667 12800.0000
13590.2000 12886.0000 12800.0000
13589.7333 12885.3333 12800.0000
13589.2667 12884.6667 12800.0000
13588.8000 12884.0000 12800.0000
13588.3333 12883.3333 12800.0000
13587.8667 12882.6667 12800.0000
13587.4000 12882.0000 12800.0000
13586.9333 12881.3333 12800.0000
13586.4667 12880.6667 12800.0000
13633.3333 12900.0000 12800.0000
13599.5333 12899.3333 12800.0000
13599.0667 12898.6667 12800.0000
13598.6000 12898.0000 12800.0000
13598.1333 12897.3333 12800.0000
13597.6667 12896.6667 12800.0000
13597.2000 12896.0000 12800.0000
13596.7333 12895.3333 12800.0000
13596.2667 12894.6667 12800.0000
13595.8000 12894.0000 12800.0000
13595.3333 12893.3333 12800.0000
13594.8667 12892.6667 12800.0000
13594.4000 12892.0000 12800.0000
13593.9333 12891.3333 12800.0000
13593.4667 12890.6667 12800.0000
13326.0667 12890.0000 12800.0000
13345.1333 12890.0000 12800.0000
13364.2000 12890.0000 12800.0000
13383.2667 12890.0000 12800.0000
13402.3333 12890.0000 12800.0000
13421.4000 12890.0000 12800.0000
13440.4667 12890.0000 12800.0000
13459.5333 12890.0000 12800.0000
13478.6000 12890.0000 12800.0000
13497.6667 12890.0000 12800.0000
13516.7333 12890.0000 12800.0000
13535.8000 12890.0000 12800.0000
13554.8667 12890.0000 12800.0000
13573.9333 12890.0000 12800.0000
13522.5689 12805.3333 12800.0000
13525.8044 12810.6667 12800.0000
13529.0400 12816.0000 12800.0000
13532.2756 12821.3333 12800.0000
13535.5111 12826.6667 12800.0000
13538.7467 12832.0000 12800.0000
13541.9822 12837.3333 12800.0000
13545.2178 12842.6667 12800.0000
13548.4533 12848.0000 12800.0000
13551.6889 12853.3333 12800.0000
13554.9244 12858.6667 12800.0000
13558.1600 12864.0000 12800.0000
13561.3956 12869.3333 12800.0000
13564.6311 12874.6667 12800.0000
13511.4044 12805.3333 12800.0000
13514.1422 12810.6667 12800.0000
13516.8800 12816.0000 12800.0000
13519.6178 12821.3333 12800.0000
13522.3556 12826.6667 12800.0000
13525.0933 12832.0000 12800.0000
13527.8311 12837.3333 12800.0000
13530.5689 12842.6667 12800.0000
13533.3067 12848.0000 12800.0000
13536.0444 12853.3333 12800.0000
13538.7822 12858.6667 12800.0000
13541.5200 12864.0000 12800.0000
13544.2578 12869.3333 12800.0000
13546.9956 12874.6667 12800.0000
13500.2400 12805.3333 12800.0000
13502.4800 12810.6667 12800.0000
13504.7200 12816.0000 12800.0000
13506.9600 12821.3333 12800.0000
13509.2000 12826.6667 12800.0000
13511.4400 12832.0000 12800.0000
13513.6800 12837.3333 12800.0000
13515.9200 12842.6667 12800.0000
13518.1600 12848.0000 12800.0000
13520.4000 12853.3333 12800.0000
13522.6400 12858.6667 12800.0000
13524.8800 12864.0000 12800.0000
13527.1200 12869.3333 12800.0000
13529.3600 12874.6667 12800.0000
13489.0756 12805.3333 12800.0000
13490.8178 12810.6667 12800.0000
13492.5600 12816.0000 12800.0000
13494.3022 12821.3333 12800.0000
13496.0444 12826.6667 12800.0000
13497.7867 12832.0000 12800.0000
13499.5289 12837.3333 12800.0000
13501.2711 12842.6667 12800.0000
13503.0133 12848.0000 12800.0000
13504.7556 12853.3333 12800.0000
13506.4978 12858.6667 12800.0000
13508.2400 12864.0000 12800.0000
13509.9822 12869.3333 12800.0000
13511.7244 12874.6667 12800.0000
13477.9111 12805.3333 12800.0000
13479.1556 12810.6667 12800.0000
13480.4000 12816.0000 12800.0000
13481.6444 12821.3333 12800.0000
13482.8889 12826.6667 12800.0000
13484.1333 12832.0000 12800.0000
13485.3778 12837.3333 12800.0000
13486.6222 12842.6667 12800.0000
13487.8667 12848.0000 12800.0000
13489.1111 12853.3333 12800.0000
13490.3556 12858.6667 12800.0000
13491.6000 12864.0000 12800.0000
13492.8444 12869.3333 12800.0000
13494.0889 12874.6667 12800.0000
13466.7467 12805.3333 12800.0000
13467.4933 12810.6667 12800.0000
13468.2400 12816.0000 12800.0000
13468.9867 12821.3333 12800.0000
13469.7333 12826.6667 12800.0000
13470.4800 12832.0000 12800.0000
13471.2267 12837.3333 12800.0000
13471.9733 12842.6667 12800.0000
13472.7200 12848.0000 12800.0000
13473.4667 12853.3333 12800.0000
13474.2133 12858.6667 12800.0000
13474.9600 12864.0000 12800.0000
13475.7067 12869.3333 12800.0000
13476.4533 12874.6667 12800.0000
13455.5822 12805.3333 12800.0000
13455.8311 12810.6667 12800.0000
13456.0800 12816.0000 12800.0000
13456.3289 12821.3333 12800.0000
13456.5778 12826.6667 12800.0000
13456.8267 12832.0000 12800.0000
13457.0756 12837.3333 12800.0000
13457.3244 12842.6667 12800.0000
13457.5733 12848.0000 12800.0000
13457.8222 12853.3333 12800.0000
13458.0711 12858.6667 12800.0000
13458.3200 12864.0000 12800.0000
13458.5689 12869.3333 12800.0000
13458.8178 12874.6667 12800.0000
13444.4178 12805.3333 12800.0000
13444.1689 12810.6667 12800.0000
13443.9200 12816.0000 12800.0000
13443.6711 12821.3333 12800.0000
13443.4222 12826.6667 12800.0000
13443.1733 12832.0000 12800.0000
13442.9244 12837.3333 12800.0000
13442.6756 12842.6667 12800.0000
13442.4267 12848.0000 12800.0000
13442.1778 12853.3333 12800.0000
13441.9289 12858.6667 12800.0000
13441.6800 12864.0000 12800.0000
13441.4311 12869.3333 12800.0000
13441.1822 12874.6667 12800.0000
13433.2533 12805.3333 12800.0000
13432.5067 12810.6667 12800.0000
13431.7600 12816.0000 12800.0000
13431.0133 12821.3333 12800.0000
13430.2667 12826.6667 12800.0000
13429.5200 12832.0000 12800.0000
13428.7733 12837.3333 12800.0000
13428.0267 12842.6667 12800.0000
13427.2800 12848.0000 12800.0000
13426.5333 12853.3333 12800.0000
13425.7867 12858.6667 12800.0000
13425.0400 12864.0000 12800.0000
13424.2933 12869.3333 12800.0000
13423.5467 12874.6667 12800.0000
13422.0889 12805.3333 12800.0000
13420.8444 12810.6667 12800.0000
13419.6000 12816.0000 12800.0000
13418.3556 12821.3333 12800.0000
13417.1111 12826.6667 12800.0000
13415.8667 12832.0000 12800.0000
13414.6222 12837.3333 12800.0000
13413.3778 12842.6667 12800.0000
13412.1333 12848.0000 12800.0000
13410.8889 12853.3333 12800.0000
13409.6444 12858.6667 12800.0000
13408.4000 12864.0000 12800.0000
13407.1556 12869.3333 12800.0000
13405.9111 12874.6667 12800.0000
13410.9244 12805.3333 12800.0000
13409.1822 12810.6667 12800.0000
13407.4400 12816.0000 12800.0000
13405.6978 12821.3333 12800.0000
13403.9556 12826.6667 12800.0000
13402.2133 12832.0000 12800.0000
13400.4711 12837.3333 12800.0000
13398.7289 12842.6667 12800.0000
13396.9867 12848.0000 12800.0000
13395.2444 12853.3333 12800.0000
13393.5022 12858.6667 12800.0000
13391.7600 12864.0000 12800.0000
13390.0178 12869.3333 12800.0000
13388.2756 12874.6667 12800.0000
13399.7600 12805.3333 12800.0000
13397.5200 12810.6667 12800.0000
13395.2800 12816.0000 12800.0000
13393.0400 12821.3333 12800.0000
13390.8000 12826.6667 12800.0000
13388.5600 12832.0000 12800.0000
13386.3200 12837.3333 12800.0000
13384.0800 12842.6667 12800.0000
13381.8400 12848.0000 12800.0000
13379.6000 12853.3333 12800.0000
13377.3600 12858.6667 12800.0000
13375.1200 12864.0000 12800.0000
13372.8800 12869.3333 12800.0000
13370.6400 12874.6667 12800.0000
13388.5956 12805.3333 12800.0000
13385.8578 12810.6667 12800.0000
13383.1200 12816.0000 12800.0000
13380.3822 12821.3333 12800.0000
13377.6444 12826.6667 12800.0000
13374.9067 12832.0000 12800.0000
13372.1689 12837.3333 12800.0000
13369.4311 12842.6667 12800.0000
13366.6933 12848.0000 12800.0000
13363.9556 12853.3333 12800.0000
13361.2178 12858.6667 12800.0000
13358.4800 12864.0000 12800.0000
13355.7422 12869.3333 12800.0000
13353.0044 12874.6667 12800.0000
13377.4311 12805.3333 12800.0000
13374.1956 12810.6667 12800.0000
13370.9600 12816.0000 12800.0000
13367.7244 12821.3333 12800.0000
13364.4889 12826.6667 12800.0000
13361.2533 12832.0000 12800.0000
13358.0178 12837.3333 12800.0000
13354.7822 12842.6667 12800.0000
13351.5467 12848.0000 12800.0000
13348.3111 12853.3333 12800.0000
13345.0756 12858.6667 12800.0000
13341.8400 12864.0000 12800.0000
13338.6044 12869.3333 12800.0000
13335.3689 12874.6667 12800.0000
13328.5156 12805.3333 12800.0000
13325.0311 12810.6667 12800.0000
13321.5467 12816.0000 12800.0000
13318.0622 12821.3333 12800.0000
13314.5778 12826.6667 12800.0000
13311.0933 12832.0000 12800.0000
13307.6089 12837.3333 12800.0000
13304.1244 12842.6667 12800.0000
13300.6400 12848.0000 12800.0000
13297.1556 12853.3333 12800.0000
13293.6711 12858.6667 12800.0000
13290.1867 12864.0000 12800.0000
13286.7022 12869.3333 12800.0000
13283.2178 12874.6667 12800.0000
13290.7644 12805.3333 12800.0000
13287.5289 12810.6667 12800.0000
13284.2933 12816.0000 12800.0000
13281.0578 12821.3333 12800.0000
13277.8222 12826.6667 12800.0000
13274.5867 12832.0000 12800.0000
13271.3511 12837.3333 12800.0000
13268.1156 12842.6667 12800.0000
13264.8800 12848.0000 12800.0000
13261.6444 12853.3333 12800.0000
13258.4089 12858.6667 12800.0000
13255.1733 12864.0000 12800.0000
13251.9378 12869.3333 12800.0000
13248.7022 12874.6667 12800.0000
13253.0133 12805.3333 12800.0000
13250.0267 12810.6667 12800.0000
13247.0400 12816.0000 12800.0000
13244.0533 12821.3333 12800.0000
13241.0667 12826.6667 12800.0000
13279.2978 12880.6667 12800.0000
13278.8622 12881.3333 12800.0000
13278.4267 12882.0000 12800.0000
13277.9911 12882.6667 12800.0000
13277.5556 12883.3333 12800.0000
13277.1200 12884.0000 12800.0000
13276.6844 12884.6667 12800.0000
13276.2489 12885.3333 12800.0000
13275.8133 12886.0000 12800.0000
13275.3778 12886.6667 12800.0000
13274.9422 12887.3333 12800.0000
13274.5067 12888.0000 12800.0000
13274.0711 12888.6667 12800.0000
13273.6356 12889.3333 12800.0000
13245.0622 12880.6667 12800.0000
13244.6578 12881.3333 12800.0000
13244.2533 12882.0000 12800.0000
13243.8489 12882.6667 12800.0000
13243.4444 12883.3333 12800.0000
13243.0400 12884.0000 12800.0000
13242.6356 12884.6667 12800.0000
13242.2311 12885.3333 12800.0000
13241.8267 12886.0000 12800.0000
13241.4222 12886.6667 12800.0000
13241.0178 12887.3333 12800.0000
13240.6133 12888.0000 12800.0000
13240.2089 12888.6667 12800.0000
13272.7644 12890.6667 12800.0000
13272.3289 12891.3333 12800.0000
13271.8933 12892.0000 12800.0000
13271.4578 12892.6667 12800.0000
13271.0222 12893.3333 12800.0000
13270.5867 12894.0000 12800.0000
13270.1511 12894.6667 12800.0000
13269.7156 12895.3333 12800.0000
13269.2800 12896.0000 12800.0000
13268.8444 12896.6667 12800.0000
13268.4089 12897.3333 12800.0000
13267.9733 12898.0000 12800.0000
13267.5378 12898.6667 12800.0000
13267.1022 12899.3333 12800.0000
13646.9867 12805.3333 12800.0000
13649.9733 12810.6667 12800.0000
13652.9600 12816.0000 12800.0000
13655.9467 12821.3333 12800.0000
13658.9333 12826.6667 12800.0000
13609.2356 12805.3333 12800.0000
13612.4711 12810.6667 12800.0000
13615.7067 12816.0000 12800.0000
13618.9422 12821.3333 12800.0000
13622.1778 12826.6667 12800.0000
13625.4133 12832.0000 12800.0000
13628.6489 12837.3333 12800.0000
13631.8844 12842.6667 12800.0000
13635.1200 12848.0000 12800.0000
13638.3556 12853.3333 12800.0000
13641.5911 12858.6667 12800.0000
13644.8267 12864.0000 12800.0000
13648.0622 12869.3333 12800.0000
13651.2978 12874.6667 12800.0000
13571.4844 12805.3333 12800.0000
13574.9689 12810.6667 12800.0000
13578.4533 12816.0000 12800.0000
13581.9378 12821.3333 12800.0000
13585.4222 12826.6667 12800.0000
13588.9067 12832.0000 12800.0000
13592.3911 12837.3333 12800.0000
13595.8756 12842.6667 12800.0000
13599.3600 12848.0000 12800.0000
13602.8444 12853.3333 12800.0000
13606.3289 12858.6667 12800.0000
13609.8133 12864.0000 12800.0000
13613.2978 12869.3333 12800.0000
13616.7822 12874.6667 12800.0000
13654.9378 12880.6667 12800.0000
13655.3422 12881.3333 12800.0000
13655.7467 12882.0000 12800.0000
13656.1511 12882.6667 12800.0000
13656.5556 12883.3333 12800.0000
13656.9600 12884.0000 12800.0000
13657.3644 12884.6667 12800.0000
13657.7689 12885.3333 12800.0000
13658.1733 12886.0000 12800.0000
13658.5778 12886.6667 12800.0000
13658.9822 12887.3333 12800.0000
13659.3867 12888.0000 12800.0000
13659.7911 12888.6667 12800.0000
13620.7022 12880.6667 12800.0000
13621.1378 12881.3333 12800.0000
13621.5733 12882.0000 12800.0000
13622.0089 12882.6667 12800.0000
13622.4444 12883.3333 12800.0000
13622.8800 12884.0000 12800.0000
13623.3156 12884.6667 12800.0000
13623.7511 12885.3333 12800.0000
13624.1867 12886.0000 12800.0000
13624.6222 12886.6667 12800.0000
13625.0578 12887.3333 12800.0000
13625.4933 12888.0000 12800.0000
13625.9289 12888.6667 12800.0000
13626.3644 12889.3333 12800.0000
13627.2356 12890.6667 12800.0000
13627.6711 12891.3333 12800.0000
13628.1067 12892.0000 12800.0000
13628.5422 12892.6667 12800.0000
13628.9778 12893.3333 12800.0000
13629.4133 12894.0000 12800.0000
13629.8489 12894.6667 12800.0000
13630.2844 12895.3333 12800.0000
13630.7200 12896.0000 12800.0000
13631.1556 12896.6667 12800.0000
13631.5911 12897.3333 12800.0000
13632.0267 12898.0000 12800.0000
13632.4622 12898.6667 12800.0000
13632.8978 12899.3333 12800.0000
13568.2711 12880.6667 12800.0000
13568.6756 12881.3333 12800.0000
13569.0800 12882.0000 12800.0000
13569.4844 12882.6667 12800.0000
13569.8889 12883.3333 12800.0000
13570.2933 12884.0000 12800.0000
13570.6978 12884.6667 12800.0000
13571.1022 12885.3333 12800.0000
13571.5067 12886.0000 12800.0000
13571.9111 12886.6667 12800.0000
13572.3156 12887.3333 12800.0000
13572.7200 12888.0000 12800.0000
13573.1244 12888.6667 12800.0000
13573.5289 12889.3333 12800.0000
13550.0756 12880.6667 12800.0000
13550.4178 12881.3333 12800.0000
13550.7600 12882.0000 12800.0000
13551.1022 12882.6667 12800.0000
13551.4444 12883.3333 12800.0000
13551.7867 12884.0000 12800.0000
13552.1289 12884.6667 12800.0000
13552.4711 12885.3333 12800.0000
13552.8133 12886.0000 12800.0000
13553.1556 12886.6667 12800.0000
13553.4978 12887.3333 12800.0000
13553.8400 12888.0000 12800.0000
13554.1822 12888.6667 12800.0000
13554.5244 12889.3333 12800.0000
13531.8800 12880.6667 12800.0000
13532.1600 12881.3333 12800.0000
13532.4400 12882.0000 12800.0000
13532.7200 12882.6667 12800.0000
13533.0000 12883.3333 12800.0000
13533.2800 12884.0000 12800.0000
13533.5600 12884.6667 12800.0000
13533.8400 12885.3333 12800.0000
13534.1200 12886.0000 12800.0000
13534.4000 12886.6667 12800.0000
13534.6800 12887.3333 12800.0000
13534.9600 12888.0000 12800.0000
13535.2400 12888.6667 12800.0000
13535.5200 12889.3333 12800.0000
13513.6844 12880.6667 12800.0000
13513.9022 12881.3333 12800.0000
13514.1200 12882.0000 12800.0000
13514.3378 12882.6667 12800.0000
13514.5556 12883.3333 12800.0000
13514.7733 12884.0000 12800.0000
13514.9911 12884.6667 12800.0000
13515.2089 12885.3333 12800.0000
13515.4267 12886.0000 12800.0000
13515.6444 12886.6667 12800.0000
13515.8622 12887.3333 12800.0000
13516.0800 12888.0000 12800.0000
13516.2978 12888.6667 12800.0000
13516.5156 12889.3333 12800.0000
13495.4889 12880.6667 12800.0000
13495.6444 12881.3333 12800.0000
13495.8000 12882.0000 12800.0000
13495.9556 12882.6667 12800.0000
13496.1111 12883.3333 12800.0000
13496.2667 12884.0000 12800.0000
13496.4222 12884.6667 12800.0000
13496.5778 12885.3333 12800.0000
13496.7333 12886.0000 12800.0000
13496.8889 12886.6667 12800.0000
13497.0444 12887.3333 12800.0000
13497.2000 12888.0000 12800.0000
13497.3556 12888.6667 12800.0000
13497.5111 12889.3333 12800.0000
13477.2933 12880.6667 12800.0000
13477.3867 12881.3333 12800.0000
13477.4800 12882.0000 12800.0000
13477.5733 12882.6667 12800.0000
13477.6667 12883.3333 12800.0000
13477.7600 12884.0000 12800.0000
13477.8533 12884.6667 12800.0000
13477.9467 12885.3333 12800.0000
13478.0400 12886.0000 12800.0000
13478.1333 12886.6667 12800.0000
13478.2267 12887.3333 12800.0000
13478.3200 12888.0000 12800.0000
13478.4133 12888.6667 12800.0000
13478.5067 12889.3333 12800.0000
13459.0978 12880.6667 12800.0000
13459.1289 12881.3333 12800.0000
13459.1600 12882.0000 12800.0000
13459.1911 12882.6667 12800.0000
13459.2222 12883.3333 12800.0000
13459.2533 12884.0000 12800.0000
13459.2844 12884.6667 12800.0000
13459.3156 12885.3333 12800.0000
13459.3467 12886.0000 12800.0000
13459.3778 12886.6667 12800.0000
13459.4089 12887.3333 12800.0000
13459.4400 12888.0000 12800.0000
13459.4711 12888.6667 12800.0000
13459.5022 12889.3333 12800.0000
13440.9022 12880.6667 12800.0000
13440.8711 12881.3333 12800.0000
13440.8400 12882.0000 12800.0000
13440.8089 12882.6667 12800.0000
13440.7778 12883.3333 12800.0000
13440.7467 12884.0000 12800.0000
13440.7156 12884.6667 12800.0000
13440.6844 12885.3333 12800.0000
13440.6533 12886.0000 12800.0000
13440.6222 12886.6667 12800.0000
13440.5911 12887.3333 12800.0000
13440.5600 12888.0000 12800.0000
13440.5289 12888.6667 12800.0000
13440.4978 12889.3333 12800.0000
13422.7067 12880.6667 12800.0000
13422.6133 12881.3333 12800.0000
13422.5200 12882.0000 12800.0000
13422.4267 12882.6667 12800.0000
13422.3333 12883.3333 12800.0000
13422.2400 12884.0000 12800.0000
13422.1467 12884.6667 12800.0000
13422.0533 12885.3333 12800.0000
13421.9600 12886.0000 12800.0000
13421.8667 12886.6667 12800.0000
13421.7733 12887.3333 12800.0000
13421.6800 12888.0000 12800.0000
13421.5867 12888.6667 12800.0000
13421.4933 12889.3333 12800.0000
13404.5111 12880.6667 12800.0000
13404.3556 12881.3333 12800.0000
13404.2000 12882.0000 12800.0000
13404.0444 12882.6667 12800.0000
13403.8889 12883.3333 12800.0000
13403.7333 12884.0000 12800.0000
13403.5778 12884.6667 12800.0000
13403.4222 12885.3333 12800.0000
13403.2667 12886.0000 12800.0000
13403.1111 12886.6667 12800.0000
13402.9556 12887.3333 12800.0000
13402.8000 12888.0000 12800.0000
13402.6444 12888.6667 12800.0000
13402.4889 12889.3333 12800.0000
13386.3156 12880.6667 12800.0000
13386.0978 12881.3333 12800.0000
13385.8800 12882.0000 12800.0000
13385.6622 12882.6667 12800.0000
13385.4444 12883.3333 12800.0000
13385.2267 12884.0000 12800.0000
13385.0089 12884.6667 12800.0000
13384.7911 12885.3333 12800.0000
13384.5733 12886.0000 12800.0000
13384.3556 12886.6667 12800.0000
13384.1378 12887.3333 12800.0000
13383.9200 12888.0000 12800.0000
13383.7022 12888.6667 12800.0000
13383.4844 12889.3333 12800.0000
13368.1200 12880.6667 12800.0000
13367.8400 12881.3333 12800.0000
13367.5600 12882.0000 12800.0000
13367.2800 12882.6667 12800.0000
13367.0000 12883.3333 12800.0000
13366.7200 12884.0000 12800.0000
13366.4400 12884.6667 12800.0000
13366.1600 12885.3333 12800.0000
13365.8800 12886.0000 12800.0000
13365.6000 12886.6667 12800.0000
13365.3200 12887.3333 12800.0000
13365.0400 12888.0000 12800.0000
13364.7600 12888.6667 12800.0000
13364.4800 12889.3333 12800.0000
13349.9244 12880.6667 12800.0000
13349.5822 12881.3333 12800.0000
13349.2400 12882.0000 12800.0000
13348.8978 12882.6667 12800.0000
13348.5556 12883.3333 12800.0000
13348.2133 12884.0000 12800.0000
13347.8711 12884.6667 12800.0000
13347.5289 12885.3333 12800.0000
13347.1867 12886.0000 12800.0000
13346.8444 12886.6667 12800.0000
13346.5022 12887.3333 12800.0000
13346.1600 12888.0000 12800.0000
13345.8178 12888.6667 12800.0000
13345.4756 12889.3333 12800.0000
13331.7289 12880.6667 12800.0000
13331.3244 12881.3333 12800.0000
13330.9200 12882.0000 12800.0000
13330.5156 12882.6667 12800.0000
13330.1111 12883.3333 12800.0000
13329.7067 12884.0000 12800.0000
13329.3022 12884.6667 12800.0000
13328.8978 12885.3333 12800.0000
13328.4933 12886.0000 12800.0000
13328.0889 12886.6667 12800.0000
13327.6844 12887.3333 12800.0000
13327.2800 12888.0000 12800.0000
13326.8756 12888.6667 12800.0000
13326.4711 12889.3333 12800.0000
13370.0000 12800.0000 12810.0000
13530.0000 12800.0000 12810.0000
13314.0000 12880.0000 12810.0000
13307.0000 12890.0000 12810.0000
13300.0000 12900.0000 12810.0000
13586.0000 12880.0000 12810.0000
13593.0000 12890.0000 12810.0000
13600.0000 12900.0000 12810.0000
13332.0000 12800.0000 12810.0000
13294.0000 12800.0000 12810.0000
13256.0000 12800.0000 12810.0000
13519.3333 12800.0000 12810.0000
13508.6667 12800.0000 12810.0000
13498.0000 12800.0000 12810.0000
13487.3333 12800.0000 12810.0000
13476.6667 12800.0000 12810.0000
13466.0000 12800.0000 12810.0000
13455.3333 12800.0000 12810.0000
13444.6667 12800.0000 12810.0000
13434.0000 12800.0000 12810.0000
13423.3333 12800.0000 12810.0000
13412.6667 12800.0000 12810.0000
13402.0000 12800.0000 12810.0000
13391.3333 12800.0000 12810.0000
13380.6667 12800.0000 12810.0000
13644.0000 12800.0000 12810.0000
13606.0000 12800.0000 12810.0000
13568.0000 12800.0000 12810.0000
13366.2667 12805.3333 12810.0000
13362.5333 12810.6667 12810.0000
13358.8000 12816.0000 12810.0000
13355.0667 12821.3333 12810.0000
13351.3333 12826.6667 12810.0000
13347.6000 12832.0000 12810.0000
13343.8667 12837.3333 12810.0000
13340.1333 12842.6667 12810.0000
13336.4000 12848.0000 12810.0000
13332.6667 12853.3333 12810.0000
13328.9333 12858.6667 12810.0000
13325.2000 12864.0000 12810.0000
13321.4667 12869.3333 12810.0000
13317.7333 12874.6667 12810.0000
13279.7333 12880.0000 12810.0000
13245.4667 12880.0000 12810.0000
13313.5333 12880.6667 12810.0000
13313.0667 12881.3333 12810.0000
13312.6000 12882.0000 12810.0000
13312.1333 12882.6667 12810.0000
13311.6667 12883.3333 12810.0000
13311.2000 12884.0000 12810.0000
13310.7333 12884.6667 12810.0000
13310.2667 12885.3333 12810.0000
13309.8000 12886.0000 12810.0000
13309.3333 12886.6667 12810.0000
13308.8667 12887.3333 12810.0000
13308.4000 12888.0000 12810.0000
13307.9333 12888.6667 12810.0000
13307.4667 12889.3333 12810.0000
13273.2000 12890.0000 12810.0000
13306.5333 12890.6667 12810.0000
13306.0667 12891.3333 12810.0000
13305.6000 12892.0000 12810.0000
13305.1333 12892.6667 12810.0000
13304.6667 12893.3333 12810.0000
13304.2000 12894.0000 12810.0000
13303.7333 12894.6667 12810.0000
13303.2667 12895.3333 12810.0000
13302.8000 12896.0000 12810.0000
13302.3333 12896.6667 12810.0000
13301.8667 12897.3333 12810.0000
13301.4000 12898.0000 12810.0000
13300.9333 12898.6667 12810.0000
13300.4667 12899.3333 12810.0000
13266.6667 12900.0000 12810.0000
13654.5333 12880.0000 12810.0000
13620.2667 12880.0000 12810.0000
13582.2667 12874.6667 12810.0000
13578.5333 12869.3333 12810.0000
13574.8000 12864.0000 12810.0000
13571.0667 12858.6667 12810.0000
13567.3333 12853.3333 12810.0000
13563.6000 12848.0000 12810.0000
13559.8667 12842.6667 12810.0000
13556.1333 12837.3333 12810.0000
13552.4000 12832.0000 12810.0000
13548.6667 12826.6667 12810.0000
13544.9333 12821.3333 12810.0000
13541.2000 12816.0000 12810.0000
13537.4667 12810.6667 12810.0000
13533.7333 12805.3333 12810.0000
13626.8000 12890.0000 12810.0000
13592.5333 12889.3333 12810.0000
13592.0667 12888.6667 12810.0000
13591.6000 12888.0000 12810.0000
13591.1333 12887.3333 12810.0000
13590.6667 12886.6667 12810.0000
13590.2000 12886.0000 12810.0000
13589.7333 12885.3333 12810.0000
13589.2667 12884.6667 12810.0000
13588.8000 12884.0000 12810.0000
13588.3333 12883.3333 12810.0000
13587.8667 12882.6667 12810.0000
13587.4000 12882.0000 12810.0000
13586.9333 12881.3333 12810.0000
13586.4667 12880.6667 12810.0000
13633.3333 12900.0000 12810.0000
13599.5333 12899.3333 12810.0000
13599.0667 12898.6667 12810.0000
13598.6000 12898.0000 12810.0000
13598.1333 12897.3333 12810.0000
13597.6667 12896.6667 12810.0000
13597.2000 12896.0000 12810.0000
13596.7333 12895.3333 12810.0000
13596.2667 12894.6667 12810.0000
13595.8000 12894.0000 12810.0000
13595.3333 12893.3333 12810.0000
13594.8667 12892.6667 12810.0000
13594.4000 12892.0000 12810.0000
13593.9333 12891.3333 12810.0000
13593.4667 12890.6667 12810.0000
13567.8667 12880.0000 12810.0000
13549.7333 12880.0000 12810.0000
13531.6000 12880.0000 12810.0000
13513.4667 12880.0000 12810.0000
13495.3333 12880.0000 12810.0000
13477.2000 12880.0000 12810.0000
13459.0667 12880.0000 12810.0000
13440.9333 12880.0000 12810.0000
13422.8000 12880.0000 12810.0000
13404.6667 12880.0000 12810.0000
13386.5333 12880.0000 12810.0000
13368.4000 12880.0000 12810.0000
13350.2667 12880.0000 12810.0000
13332.1333 12880.0000 12810.0000
13326.0667 12890.0000 12810.0000
13345.1333 12890.0000 12810.0000
13364.2000 12890.0000 12810.0000
13383.2667 12890.0000 12810.0000
13402.3333 12890.0000 12810.0000
13421.4000 12890.0000 12810.0000
13440.4667 12890.0000 12810.0000
13459.5333 12890.0000 12810.0000
13478.6000 12890.0000 12810.0000
13497.6667 12890.0000 12810.0000
13516.7333 12890.0000 12810.0000
13535.8000 12890.0000 12810.0000
13554.8667 12890.0000 12810.0000
13573.9333 12890.0000 12810.0000
13328.5156 12805.3333 12810.0000
13325.0311 12810.6667 12810.0000
13321.5467 12816.0000 12810.0000
13318.0622 12821.3333 12810.0000
13314.5778 12826.6667 12810.0000
13311.0933 12832.0000 12810.0000
13307.6089 12837.3333 12810.0000
13304.1244 12842.6667 12810.0000
13300.6400 12848.0000 12810.0000
13297.1556 12853.3333 12810.0000
13293.6711 12858.6667 12810.0000
13290.1867 12864.0000 12810.0000
13286.7022 12869.3333 12810.0000
13283.2178 12874.6667 12810.0000
13290.7644 12805.3333 12810.0000
13287.5289 12810.6667 12810.0000
13284.2933 12816.0000 12810.0000
13281.0578 12821.3333 12810.0000
13277.8222 12826.6667 12810.0000
13274.5867 12832.0000 12810.0000
13271.3511 12837.3333 12810.0000
13268.1156 12842.6667 12810.0000
13264.8800 12848.0000 12810.0000
13261.6444 12853.3333 12810.0000
13258.4089 12858.6667 12810.0000
13255.1733 12864.0000 12810.0000
13251.9378 12869.3333 12810.0000
13248.7022 12874.6667 12810.0000
13253.0133 12805.3333 12810.0000
13250.0267 12810.6667 12810.0000
13247.0400 12816.0000 12810.0000
13244.0533 12821.3333 12810.0000
13241.0667 12826.6667 12810.0000
13279.2978 12880.6667 12810.0000
13278.8622 12881.3333 12810.0000
13278.4267 12882.0000 12810.0000
13277.9911 12882.6667 12810.0000
13277.5556 12883.3333 12810.0000
13277.1200 12884.0000 12810.0000
13276.6844 12884.6667 12810.0000
13276.2489 12885.3333 12810.0000
13275.8133 12886.0000 12810.0000
13275.3778 12886.6667 12810.0000
13274.9422 12887.3333 12810.0000
13274.5067 12888.0000 12810.0000
13274.0711 12888.6667 12810.0000
13273.6356 12889.3333 12810.0000
13245.0622 12880.6667 12810.0000
13244.6578 12881.3333 12810.0000
13244.2533 12882.0000 12810.0000
13243.8489 12882.6667 12810.0000
13243.4444 12883.3333 12810.0000
13243.0400 12884.0000 12810.0000
13242.6356 12884.6667 12810.0000
13242.2311 12885.3333 12810.0000
13241.8267 12886.0000 12810.0000
13241.4222 12886.6667 12810.0000
13241.0178 12887.3333 12810.0000
13240.6133 12888.0000 12810.0000
13240.2089 12888.6667 12810.0000
13272.7644 12890.6667 12810.0000
13272.3289 12891.3333 12810.0000
13271.8933 12892.0000 12810.0000
13271.4578 12892.6667 12810.0000
13271.0222 12893.3333 12810.0000
13270.5867 12894.0000 12810.0000
13270.1511 12894.6667 12810.0000
13269.7156 12895.3333 12810.0000
13269.2800 12896.0000 12810.0000
13268.8444 12896.6667 12810.0000
13268.4089 12897.3333 12810.0000
13267.9733 12898.0000 12810.0000
13267.5378 12898.6667 12810.0000
13267.1022 12899.3333 12810.0000
13646.9867 12805.3333 12810.0000
13649.9733 12810.6667 12810.0000
13652.9600 12816.0000 12810.0000
13655.9467 12821.3333 12810.0000
13658.9333 12826.6667 12810.0000
13609.2356 12805.3333 12810.0000
13612.4711 12810.6667 12810.0000
13615.7067 12816.0000 12810.0000
13618.9422 12821.3333 12810.0000
13622.1778 12826.6667 12810.0000
13625.4133 12832.0000 12810.0000
13628.6489 12837.3333 12810.0000
13631.8844 12842.6667 12810.0000
13635.1200 12848.0000 12810.0000
13638.3556 12853.3333 12810.0000
13641.5911 12858.6667 12810.0000
13644.8267 12864.0000 12810.0000
13648.0622 12869.3333 12810.0000
13651.2978 12874.6667 12810.0000
13571.4844 12805.3333 12810.0000
13574.9689 12810.6667 12810.0000
13578.4533 12816.0000 12810.0000
13581.9378 12821.3333 12810.0000
13585.4222 12826.6667 12810.0000
13588.9067 12832.0000 12810.0000
13592.3911 12837.3333 12810.0000
13595.8756 12842.6667 12810.0000
13599.3600 12848.0000 12810.0000
13602.8444 12853.3333 12810.0000
13606.3289 12858.6667 12810.0000
13609.8133 12864.0000 12810.0000
13613.2978 12869.3333 12810.0000
13616.7822 12874.6667 12810.0000
13654.9378 12880.6667 12810.0000
13655.3422 12881.3333 12810.0000
13655.7467 12882.0000 12810.0000
13656.1511 12882.6667 12810.0000
13656.5556 12883.3333 12810.0000
13656.9600 12884.0000 12810.0000
13657.3644 12884.6667 12810.0000
13657.7689 12885.3333 12810.0000
13658.1733 12886.0000 12810.0000
13658.5778 12886.6667 12810.0000
13658.9822 12887.3333 12810.0000
13659.3867 12888.0000 12810.0000
13659.7911 12888.6667 12810.0000
13620.7022 12880.6667 12810.0000
13621.1378 12881.3333 12810.0000
13621.5733 12882.0000 12810.0000
13622.0089 12882.6667 12810.0000
13622.4444 12883.3333 12810.0000
13622.8800 12884.0000 12810.0000
13623.3156 12884.6667 12810.0000
13623.7511 12885.3333 12810.0000
13624.1867 12886.0000 12810.0000
13624.6222 12886.6667 12810.0000
13625.0578 12887.3333 12810.0000
13625.4933 12888.0000 12810.0000
13625.9289 12888.6667 12810.0000
13626.3644 12889.3333 12810.0000
13627.2356 12890.6667 12810.0000
13627.6711 12891.3333 12810.0000
13628.1067 12892.0000 12810.0000
13628.5422 12892.6667 12810.0000
13628.9778 12893.3333 12810.0000
13629.4133 12894.0000 12810.0000
13629.8489 12894.6667 12810.0000
13630.2844 12895.3333 12810.0000
13630.7200 12896.0000 12810.0000
13631.1556 12896.6667 12810.0000
13631.5911 12897.3333 12810.0000
13632.0267 12898.0000 12810.0000
13632.4622 12898.6667 12810.0000
13632.8978 12899.3333 12810.0000
13522.5689 12805.3333 12810.0000
13525.8044 12810.6667 12810.0000
13529.0400 12816.0000 12810.0000
13532.2756 12821.3333 12810.0000
13535.5111 12826.6667 12810.0000
13538.7467 12832.0000 12810.0000
13541.9822 12837.3333 12810.0000
13545.2178 12842.6667 12810.0000
13548.4533 12848.0000 12810.0000
13551.6889 12853.3333 12810.0000
13554.9244 12858.6667 12810.0000
13558.1600 12864.0000 12810.0000
13561.3956 12869.3333 12810.0000
13564.6311 12874.6667 12810.0000
13511.4044 12805.3333 12810.0000
13514.1422 12810.6667 12810.0000
13516.8800 12816.0000 12810.0000
13519.6178 12821.3333 12810.0000
13522.3556 12826.6667 12810.0000
13525.0933 12832.0000 12810.0000
13527.8311 12837.3333 12810.0000
13530.5689 12842.6667 12810.0000
13533.3067 12848.0000 12810.0000
13536.0444 12853.3333 12810.0000
13538.7822 12858.6667 12810.0000
13541.5200 12864.0000 12810.0000
13544.2578 12869.3333 12810.0000
13546.9956 12874.6667 12810.0000
13500.2400 12805.3333 12810.0000
13502.4800 12810.6667 12810.0000
13504.7200 12816.0000 12810.0000
13506.9600 12821.3333 12810.0000
13509.2000 12826.6667 12810.0000
13511.4400 12832.0000 12810.0000
13513.6800 12837.3333 12810.0000
13515.9200 12842.6667 12810.0000
13518.1600 12848.0000 12810.0000
13520.4000 12853.3333 12810.0000
13522.6400 12858.6667 12810.0000
13524.8800 12864.0000 12810.0000
13527.1200 12869.3333 12810.0000
13529.3600 12874.6667 12810.0000
13489.0756 12805.3333 12810.0000
13490.8178 12810.6667 12810.0000
13492.5600 12816.0000 12810.0000
13494.3022 12821.3333 12810.0000
13496.0444 12826.6667 12810.0000
13497.7867 12832.0000 12810.0000
13499.5289 12837.3333 12810.0000
13501.2711 12842.6667 12810.0000
13503.0133 12848.0000 12810.0000
13504.7556 12853.3333 12810.0000
13506.4978 12858.6667 12810.0000
13508.2400 12864.0000 12810.0000
13509.9822 12869.3333 12810.0000
13511.7244 12874.6667 12810.0000
13477.9111 12805.3333 12810.0000
13479.1556 12810.6667 12810.0000
13480.4000 12816.0000 12810.0000
13481.6444 12821.3333 12810.0000
13482.8889 12826.6667 12810.0000
13484.1333 12832.0000 12810.0000
13485.3778 12837.3333 12810.0000
13486.6222 12842.6667 12810.0000
13487.8667 12848.0000 12810.0000
13489.1111 12853.3333 12810.0000
13490.3556 12858.6667 12810.0000
13491.6000 12864.0000 12810.0000
13492.8444 12869.3333 12810.0000
13494.0889 12874.6667 12810.0000
13466.7467 12805.3333 12810.0000
13467.4933 12810.6667 12810.0000
13468.2400 12816.0000 12810.0000
13468.9867 12821.3333 12810.0000
13469.7333 12826.6667 12810.0000
13470.4800 12832.0000 12810.0000
13471.2267 12837.3333 12810.0000
13471.9733 12842.6667 12810.0000
13472.7200 12848.0000 12810.0000
13473.4667 12853.3333 12810.0000
13474.2133 12858.6667 12810.0000
13474.9600 12864.0000 12810.0000
13475.7067 12869.3333 12810.0000
13476.4533 12874.6667 12810.0000
13455.5822 12805.3333 12810.0000
13455.8311 12810.6667 12810.0000
13456.0800 12816.0000 12810.0000
13456.3289 12821.3333 12810.0000
13456.5778 12826.6667 12810.0000
13456.8267 12832.0000 12810.0000
13457.0756 12837.3333 12810.0000
13457.3244 12842.6667 12810.0000
13457.5733 12848.0000 12810.0000
13457.8222 12853.3333 12810.0000
13458.0711 12858.6667 12810.0000
13458.3200 12864.0000 12810.0000
13458.5689 12869.3333 12810.0000
13458.8178 12874.6667 12810.0000
13444.4178 12805.3333 12810.0000
13444.1689 12810.6667 12810.0000
13443.9200 12816.0000 12810.0000
13443.6711 12821.3333 12810.0000
13443.4222 12826.6667 12810.0000
13443.1733 12832.0000 12810.0000
13442.9244 12837.3333 12810.0000
13442.6756 12842.6667 12810.0000
13442.4267 12848.0000 12810.0000
13442.1778 12853.3333 12810.0000
13441.9289 12858.6667 12810.0000
13441.6800 12864.0000 12810.0000
13441.4311 12869.3333 12810.0000
13441.1822 12874.6667 12810.0000
13433.2533 12805.3333 12810.0000
13432.5067 12810.6667 12810.0000
13431.7600 12816.0000 12810.0000
13431.0133 12821.3333 12810.0000
13430.2667 12826.6667 12810.0000
13429.5200 12832.0000 12810.0000
13428.7733 12837.3333 12810.0000
13428.0267 12842.6667 12810.0000
13427.2800 12848.0000 12810.0000
13426.5333 12853.3333 12810.0000
13425.7867 12858.6667 12810.0000
13425.0400 12864.0000 12810.0000
13424.2933 12869.3333 12810.0000
13423.5467 12874.6667 12810.0000
13422.0889 12805.3333 12810.0000
13420.8444 12810.6667 12810.0000
13419.6000 12816.0000 12810.0000
13418.3556 12821.3333 12810.0000
13417.1111 12826.6667 12810.0000
13415.8667 12832.0000 12810.0000
13414.6222 12837.3333 12810.0000
13413.3778 12842.6667 12810.0000
13412.1333 12848.0000 12810.0000
13410.8889 12853.3333 12810.0000
13409.6444 12858.6667 12810.0000
13408.4000 12864.0000 12810.0000
13407.1556 12869.3333 12810.0000
13405.9111 12874.6667 12810.0000
13410.9244 12805.3333 12810.0000
13409.1822 12810.6667 12810.0000
13407.4400 12816.0000 12810.0000
13405.6978 12821.3333 12810.0000
13403.9556 12826.6667 12810.0000
13402.2133 12832.0000 12810.0000
13400.4711 12837.3333 12810.0000
13398.7289 12842.6667 12810.0000
13396.9867 12848.0000 12810.0000
13395.2444 12853.3333 12810.0000
13393.5022 12858.6667 12810.0000
13391.7600 12864.0000 12810.0000
13390.0178 12869.3333 12810.0000
13388.2756 12874.6667 12810.0000
13399.7600 12805.3333 12810.0000
13397.5200 12810.6667 12810.0000
13395.2800 12816.0000 12810.0000
13393.0400 12821.3333 12810.0000
13390.8000 12826.6667 12810.0000
13388.5600 12832.0000 12810.0000
13386.3200 12837.3333 12810.0000
13384.0800 12842.6667 12810.0000
13381.8400 12848.0000 12810.0000
13379.6000 12853.3333 12810.0000
13377.3600 12858.6667 12810.0000
13375.1200 12864.0000 12810.0000
13372.8800 12869.3333 12810.0000
13370.6400 12874.6667 12810.0000
13388.5956 12805.3333 12810.0000
13385.8578 12810.6667 12810.0000
13383.1200 12816.0000 12810.0000
13380.3822 12821.3333 12810.0000
13377.6444 12826.6667 12810.0000
13374.9067 12832.0000 12810.0000
13372.1689 12837.3333 12810.0000
13369.4311 12842.6667 12810.0000
13366.6933 12848.0000 12810.0000
13363.9556 12853.3333 12810.0000
13361.2178 12858.6667 12810.0000
13358.4800 12864.0000 12810.0000
13355.7422 12869.3333 12810.0000
13353.0044 12874.6667 12810.0000
13377.4311 12805.3333 12810.0000
13374.1956 12810.6667 12810.0000
13370.9600 12816.0000 12810.0000
13367.7244 12821.3333 12810.0000
13364.4889 12826.6667 12810.0000
13361.2533 12832.0000 12810.0000
13358.0178 12837.3333 12810.0000
13354.7822 12842.6667 12810.0000
13351.5467 12848.0000 12810.0000
13348.3111 12853.3333 12810.0000
13345.0756 12858.6667 12810.0000
13341.8400 12864.0000 12810.0000
13338.6044 12869.3333 12810.0000
13335.3689 12874.6667 12810.0000
13568.2711 12880.6667 12810.0000
13568.6756 12881.3333 12810.0000
13569.0800 12882.0000 12810.0000
13569.4844 12882.6667 12810.0000
13569.8889 12883.3333 12810.0000
13570.2933 12884.0000 12810.0000
13570.6978 12884.6667 12810.0000
13571.1022 12885.3333 12810.0000
13571.5067 12886.0000 12810.0000
13571.9111 12886.6667 12810.0000
13572.3156 12887.3333 12810.0000
13572.7200 12888.0000 12810.0000
13573.1244 12888.6667 12810.0000
13573.5289 12889.3333 12810.0000
13550.0756 12880.6667 12810.0000
13550.4178 12881.3333 12810.0000
13550.7600 12882.0000 12810.0000
13551.1022 12882.6667 12810.0000
13551.4444 12883.3333 12810.0000
13551.7867 12884.0000 12810.0000
13552.1289 12884.6667 12810.0000
13552.4711 12885.3333 12810.0000
13552.8133 12886.0000 12810.0000
13553.1556 12886.6667 12810.0000
13553.4978 12887.3333 12810.0000
13553.8400 12888.0000 12810.0000
13554.1822 12888.6667 12810.0000
13554.5244 12889.3333 12810.0000
13531.8800 12880.6667 12810.0000
13532.1600 12881.3333 12810.0000
13532.4400 12882.0000 12810.0000
13532.7200 12882.6667 12810.0000
13533.0000 12883.3333 12810.0000
13533.2800 12884.0000 12810.0000
13533.5600 12884.6667 12810.0000
13533.8400 12885.3333 12810.0000
13534.1200 12886.0000 12810.0000
13534.4000 12886.6667 12810.0000
13534.6800 12887.3333 12810.0000
13534.9600 12888.0000 12810.0000
13535.2400 12888.6667 12810.0000
13535.5200 12889.3333 12810.0000
13513.6844 12880.6667 12810.0000
13513.9022 12881.3333 12810.0000
13514.1200 12882.0000 12810.0000
13514.3378 12882.6667 12810.0000
13514.5556 12883.3333 12810.0000
13514.7733 12884.0000 12810.0000
13514.9911 12884.6667 12810.0000
13515.2089 12885.3333 12810.0000
13515.4267 12886.0000 12810.0000
13515.6444 12886.6667 12810.0000
13515.8622 12887.3333 12810.0000
13516.0800 12888.0000 12810.0000
13516.2978 12888.6667 12810.0000
13516.5156 12889.3333 12810.0000
13495.4889 12880.6667 12810.0000
13495.6444 12881.3333 12810.0000
13495.8000 12882.0000 12810.0000
13495.9556 12882.6667 12810.0000
13496.1111 12883.3333 12810.0000
13496.2667 12884.0000 12810.0000
13496.4222 12884.6667 12810.0000
13496.5778 12885.3333 12810.0000
13496.7333 12886.0000 12810.0000
13496.8889 12886.6667 12810.0000
13497.0444 12887.3333 12810.0000
13497.2000 12888.0000 12810.0000
13497.3556 12888.6667 12810.0000
13497.5111 12889.3333 12810.0000
13477.2933 12880.6667 12810.0000
13477.3867 12881.3333 12810.0000
13477.4800 12882.0000 12810.0000
13477.5733 12882.6667 12810.0000
13477.6667 12883.3333 12810.0000
13477.7600 12884.0000 12810.0000
13477.8533 12884.6667 12810.0000
13477.9467 12885.3333 12810.0000
13478.0400 12886.0000 12810.0000
13478.1333 12886.6667 12810.0000
13478.2267 12887.3333 12810.0000
13478.3200 12888.0000 12810.0000
13478.4133 12888.6667 12810.0000
13478.5067 12889.3333 12810.0000
13459.0978 12880.6667 12810.0000
13459.1289 12881.3333 12810.0000
13459.1600 12882.0000 12810.0000
13459.1911 12882.6667 12810.0000
13459.2222 12883.3333 12810.0000
13459.2533 12884.0000 12810.0000
13459.2844 12884.6667 12810.0000
13459.3156 12885.3333 12810.0000
13459.3467 12886.0000 12810.0000
13459.3778 12886.6667 12810.0000
13459.4089 12887.3333 12810.0000
13459.4400 12888.0000 12810.0000
13459.4711 12888.6667 12810.0000
13459.5022 12889.3333 12810.0000
13440.9022 12880.6667 12810.0000
13440.8711 12881.3333 12810.0000
13440.8400 12882.0000 12810.0000
13440.8089 12882.6667 12810.0000
13440.7778 12883.3333 12810.0000
13440.7467 12884.0000 12810.0000
13440.7156 12884.6667 12810.0000
13440.6844 12885.3333 12810.0000
13440.6533 12886.0000 12810.0000
13440.6222 12886.6667 12810.0000
13440.5911 12887.3333 12810.0000
13440.5600 12888.0000 12810.0000
13440.5289 12888.6667 12810.0000
13440.4978 12889.3333 12810.0000
13422.7067 12880.6667 12810.0000
13422.6133 12881.3333 12810.0000
13422.5200 12882.0000 12810.0000
13422.4267 12882.6667 12810.0000
13422.3333 12883.3333 12810.0000
13422.2400 12884.0000 12810.0000
13422.1467 12884.6667 12810.0000
13422.0533 12885.3333 12810.0000
13421.9600 12886.0000 12810.0000
13421.8667 12886.6667 12810.0000
13421.7733 12887.3333 12810.0000
13421.6800 12888.0000 12810.0000
13421.5867 12888.6667 12810.0000
13421.4933 12889.3333 12810.0000
13404.5111 12880.6667 12810.0000
13404.3556 12881.3333 12810.0000
13404.2000 12882.0000 12810.0000
13404.0444 12882.6667 12810.0000
13403.8889 12883.3333 12810.0000
13403.7333 12884.0000 12810.0000
13403.5778 12884.6667 12810.0000
13403.4222 12885.3333 12810.0000
13403.2667 12886.0000 12810.0000
13403.1111 12886.6667 12810.0000
13402.9556 12887.3333 12810.0000
13402.8000 12888.0000 12810.0000
13402.6444 12888.6667 12810.0000
13402.4889 12889.3333 12810.0000
13386.3156 12880.6667 12810.0000
13386.0978 12881.3333 12810.0000
13385.8800 12882.0000 12810.0000
13385.6622 12882.6667 12810.0000
13385.4444 12883.3333 12810.0000
13385.2267 12884.0000 12810.0000
13385.0089 12884.6667 12810.0000
13384.7911 12885.3333 12810.0000
13384.5733 12886.0000 12810.0000
13384.3556 12886.6667 12810.0000
13384.1378 12887.3333 12810.0000
13383.9200 12888.0000 12810.0000
13383.7022 12888.6667 12810.0000
13383.4844 12889.3333 12810.0000
13368.1200 12880.6667 12810.0000
13367.8400 12881.3333 12810.0000
13367.5600 12882.0000 12810.0000
13367.2800 12882.6667 12810.0000
13367.0000 12883.3333 12810.0000
13366.7200 12884.0000 12810.0000
13366.4400 12884.6667 12810.0000
13366.1600 12885.3333 12810.0000
13365.8800 12886.0000 12810.0000
13365.6000 12886.6667 12810.0000
13365.3200 12887.3333 12810.0000
13365.0400 12888.0000 12810.0000
13364.7600 12888.6667 12810.0000
13364.4800 12889.3333 12810.0000
13349.9244 12880.6667 12810.0000
13349.5822 12881.3333 12810.0000
13349.2400 12882.0000 12810.0000
13348.8978 12882.6667 12810.0000
13348.5556 12883.3333 12810.0000
13348.2133 12884.0000 12810.0000
13347.8711 12884.6667 12810.0000
13347.5289 12885.3333 12810.0000
13347.1867 12886.0000 12810.0000
13346.8444 12886.6667 12810.0000
13346.5022 12887.3333 12810.0000
13346.1600 12888.0000 12810.0000
13345.8178 12888.6667 12810.0000
13345.4756 12889.3333 12810.0000
13331.7289 12880.6667 12810.0000
13331.3244 12881.3333 12810.0000
13330.9200 12882.0000 12810.0000
13330.5156 12882.6667 12810.0000
13330.1111 12883.3333 12810.0000
13329.7067 12884.0000 12810.0000
13329.3022 12884.6667 12810.0000
13328.8978 12885.3333 12810.0000
13328.4933 12886.0000 12810.0000
13328.0889 12886.6667 12810.0000
13327.6844 12887.3333 12810.0000
13327.2800 12888.0000 12810.0000
13326.8756 12888.6667 12810.0000
13326.4711 12889.3333 12810.0000