300.0000 300.0000 300.0000
3090.0000 2500.0000 2438.1789
3210.0000 2500.0000 2436.6277
3282.0000 2580.0000 2484.2183
3018.0000 2580.0000 2487.1609
3009.0000 2590.0000 2493.0655
3291.0000 2590.0000 2490.0504
3090.0000 2500.0000 2480.4248
3210.0000 2500.0000 2477.9147
3018.0000 2580.0000 2526.3642
3009.0000 2590.0000 2529.6027
3282.0000 2580.0000 2522.4264
3291.0000 2590.0000 2529.5230
3107.1429 2500.0000 2431.9232
3124.2857 2500.0000 2427.9359
3141.4286 2500.0000 2425.9045
3158.5714 2500.0000 2425.7111
3175.7143 2500.0000 2427.3433
3192.8571 2500.0000 2430.8927
3220.2857 2511.4286 2441.6347
3230.5714 2522.8571 2447.9575
3240.8571 2534.2857 2454.8499
3251.1429 2545.7143 2462.2415
3261.4286 2557.1429 2469.7820
3271.7143 2568.5714 2477.1706
3244.2857 2580.0000 2458.7320
3206.5714 2580.0000 2441.7348
3168.8571 2580.0000 2433.8564
3131.1429 2580.0000 2434.2416
3093.4286 2580.0000 2443.0034
3055.7143 2580.0000 2460.8242
3028.2857 2568.5714 2480.0926
3038.5714 2557.1429 2472.6012
3048.8571 2545.7143 2464.9063
3059.1429 2534.2857 2457.2922
3069.4286 2522.8571 2450.1055
3079.7143 2511.4286 2443.6698
3016.7143 2581.4286 2488.0198
3015.4286 2582.8571 2488.8790
3014.1429 2584.2857 2489.7333
3012.8571 2585.7143 2490.5788
3011.5714 2587.1429 2491.4146
3010.2857 2588.5714 2492.2434
3289.7143 2588.5714 2489.2575
3288.4286 2587.1429 2488.4505
3287.1429 2585.7143 2487.6302
3285.8571 2584.2857 2486.7920
3284.5714 2582.8571 2485.9359
3283.2857 2581.4286 2485.0750
3192.8571 2500.0000 2468.3480
3175.7143 2500.0000 2462.5537
3158.5714 2500.0000 2459.9183
3141.4286 2500.0000 2460.2108
3124.2857 2500.0000 2463.4545
3107.1429 2500.0000 2469.9431
3079.7143 2511.4286 2482.3205
3069.4286 2522.8571 2486.9074
3059.1429 2534.2857 2493.5013
3048.8571 2545.7143 2501.2905
3038.5714 2557.1429 2509.7069
3028.2857 2568.5714 2518.0921
3016.7143 2581.4286 2527.4023
3015.4286 2582.8571 2528.4510
3014.1429 2584.2857 2529.4931
3012.8571 2585.7143 2530.0194
3011.5714 2587.1429 2530.0105
3010.2857 2588.5714 2529.6096
3271.7143 2568.5714 2514.1576
3261.4286 2557.1429 2505.7900
3251.1429 2545.7143 2497.6508
3240.8571 2534.2857 2490.0459
3230.5714 2522.8571 2483.7862
3220.2857 2511.4286 2479.6038
3289.7143 2588.5714 2528.5592
3288.4286 2587.1429 2527.5716
3287.1429 2585.7143 2526.5698
3285.8571 2584.2857 2525.5542
3284.5714 2582.8571 2524.5160
3283.2857 2581.4286 2523.4679
3244.2857 2580.0000 2486.7142
3206.5714 2580.0000 2462.6485
3168.8571 2580.0000 2451.2977
3131.1429 2580.0000 2451.8276
3093.4286 2580.0000 2464.4187
3055.7143 2580.0000 2489.5478
3049.2857 2590.0000 2465.0030
3089.5714 2590.0000 2446.0671
3129.8571 2590.0000 2436.5891
3170.1429 2590.0000 2436.2032
3210.4286 2590.0000 2444.7763
3250.7143 2590.0000 2462.9008
3049.2857 2590.0000 2494.5608
3089.5714 2590.0000 2468.1053
3129.8571 2590.0000 2454.6485
3170.1429 2590.0000 2454.1156
3210.4286 2590.0000 2466.3292
3250.7143 2590.0000 2491.7475
3200.2041 2511.4286 2433.0419
3207.5510 2522.8571 2436.0979
3214.8980 2534.2857 2439.9907
3222.2449 2545.7143 2444.5737
3229.5918 2557.1429 2449.2633
3236.9388 2568.5714 2453.9658
3180.1224 2511.4286 2427.8651
3184.5306 2522.8571 2428.9808
3188.9388 2534.2857 2430.6507
3193.3469 2545.7143 2432.8222
3197.7551 2557.1429 2435.4311
3202.1633 2568.5714 2438.4226
3160.0408 2511.4286 2425.5077
3161.5102 2522.8571 2425.7739
3162.9796 2534.2857 2426.5079
3164.4490 2545.7143 2427.6976
3165.9184 2557.1429 2429.3304
3167.3878 2568.5714 2431.3918
3139.9592 2511.4286 2425.7421
3138.4898 2522.8571 2426.0457
3137.0204 2534.2857 2426.8160
3135.5510 2545.7143 2428.0356
3134.0816 2557.1429 2429.6918
3132.6122 2568.5714 2431.7691
3119.8776 2511.4286 2428.5888
3115.4694 2522.8571 2429.8336
3111.0612 2534.2857 2431.6247
3106.6531 2545.7143 2433.9027
3102.2449 2557.1429 2436.5985
3097.8367 2568.5714 2439.6520
3099.7959 2511.4286 2434.3307
3092.4490 2522.8571 2437.6590
3085.1020 2534.2857 2441.8341
3077.7551 2545.7143 2446.6326
3070.4082 2557.1429 2451.2632
3063.0612 2568.5714 2456.0368
3200.2041 2511.4286 2465.7896
3207.5510 2522.8571 2465.9072
3214.8980 2534.2857 2468.3092
3222.2449 2545.7143 2471.9144
3229.5918 2557.1429 2476.2700
3236.9388 2568.5714 2481.2853
3180.1224 2511.4286 2457.4524
3184.5306 2522.8571 2454.5695
3188.9388 2534.2857 2453.5899
3193.3469 2545.7143 2454.1758
3197.7551 2557.1429 2456.0351
3202.1633 2568.5714 2458.9289
3160.0408 2511.4286 2453.7060
3161.5102 2522.8571 2449.5593
3162.9796 2534.2857 2447.2267
3164.4490 2545.7143 2446.4356
3165.9184 2557.1429 2446.9666
3167.3878 2568.5714 2448.6444
3139.9592 2511.4286 2454.0542
3138.4898 2522.8571 2449.9616
3137.0204 2534.2857 2447.6739
3135.5510 2545.7143 2446.9177
3134.0816 2557.1429 2447.4761
3132.6122 2568.5714 2449.1696
3119.8776 2511.4286 2458.5425
3115.4694 2522.8571 2455.8433
3111.0612 2534.2857 2455.0254
3106.6531 2545.7143 2455.7460
3102.2449 2557.1429 2457.7116
3097.8367 2568.5714 2460.6684
3099.7959 2511.4286 2467.7791
3092.4490 2522.8571 2468.3240
3085.1020 2534.2857 2471.0254
3077.7551 2545.7143 2474.5762
3070.4082 2557.1429 2479.0497
3063.0612 2568.5714 2484.1154
3245.2041 2581.4286 2459.3276
3246.1224 2582.8571 2459.9231
3247.0408 2584.2857 2460.5185
3247.9592 2585.7143 2461.1139
3248.8776 2587.1429 2461.7095
3249.7959 2588.5714 2462.3056
3207.1224 2581.4286 2442.1581
3207.6735 2582.8571 2442.5905
3208.2245 2584.2857 2443.0290
3208.7755 2585.7143 2443.4665
3209.3265 2587.1429 2443.9025
3209.8776 2588.5714 2444.3391
3169.0408 2581.4286 2434.1732
3169.2245 2582.8571 2434.5011
3169.4082 2584.2857 2434.8345
3169.5918 2585.7143 2435.1706
3169.7755 2587.1429 2435.5182
3169.9592 2588.5714 2435.8594
3130.9592 2581.4286 2434.5617
3130.7755 2582.8571 2434.8951
3130.5918 2584.2857 2435.2353
3130.4082 2585.7143 2435.5752
3130.2245 2587.1429 2435.9140
3130.0408 2588.5714 2436.2523
3092.8776 2581.4286 2443.4305
3092.3265 2582.8571 2443.8665
3091.7755 2584.2857 2444.3075
3091.2245 2585.7143 2444.7480
3090.6735 2587.1429 2445.1873
3090.1224 2588.5714 2445.6269
3054.7959 2581.4286 2461.4254
3053.8776 2582.8571 2462.0328
3052.9592 2584.2857 2462.6397
3052.0408 2585.7143 2463.2408
3051.1224 2587.1429 2463.8341
3050.2041 2588.5714 2464.4211
3245.2041 2581.4286 2487.4188
3246.1224 2582.8571 2488.1303
3247.0408 2584.2857 2488.8478
3247.9592 2585.7143 2489.5681
3248.8776 2587.1429 2490.2889
3249.7959 2588.5714 2491.0187
3207.1224 2581.4286 2463.1546
3207.6735 2582.8571 2463.6829
3208.2245 2584.2857 2464.2166
3208.7755 2585.7143 2464.7438
3209.3265 2587.1429 2465.2707
3209.8776 2588.5714 2465.7999
3169.0408 2581.4286 2451.6657
3169.2245 2582.8571 2452.0624
3169.4082 2584.2857 2452.4709
3169.5918 2585.7143 2452.8673
3169.7755 2587.1429 2453.2825
3169.9592 2588.5714 2453.7017
3130.9592 2581.4286 2452.2065
3130.7755 2582.8571 2452.6156
3130.5918 2584.2857 2453.0294
3130.4082 2585.7143 2453.4342
3130.2245 2587.1429 2453.8395
3130.0408 2588.5714 2454.2457
3092.8776 2581.4286 2464.9280
3092.3265 2582.8571 2465.4577
3091.7755 2584.2857 2465.9909
3091.2245 2585.7143 2466.5183
3090.6735 2587.1429 2467.0450
3090.1224 2588.5714 2467.5754
3054.7959 2581.4286 2490.2718
3053.8776 2582.8571 2491.0058
3052.9592 2584.2857 2491.7366
3052.0408 2585.7143 2492.4533
3051.1224 2587.1429 2493.1623
3050.2041 2588.5714 2493.8670