8000.0000 8000.0000 8000.0000
13890.0000 12479.2426 12717.5718
14010.0000 12448.4841 12715.5036
14050.0000 12546.9395 12749.3674
13850.0000 12557.7733 12752.3363
13845.0000 12570.4078 12756.7305
14055.0000 12559.3420 12753.8030
13890.0000 12466.7671 12770.4248
14010.0000 12456.5859 12767.9147
13850.0000 12563.6449 12784.3648
13845.0000 12577.8207 12788.1083
14050.0000 12553.1027 12781.3666
14055.0000 12566.8302 12785.1902
13930.0000 12473.9907 12702.7296
13970.0000 12450.5408 12702.1209
14023.3333 12481.6315 12725.4057
14036.6667 12514.0410 12737.3763
13983.3333 12526.2814 12714.4513
13916.6667 12551.2581 12715.3857
13863.3333 12528.5072 12740.3336
13876.6667 12502.9756 12728.2600
13848.3333 12562.0262 12753.8286
13846.6667 12566.2206 12755.3048
14053.3333 12555.2078 12752.3276
14051.6667 12551.0736 12750.8486
13970.0000 12447.2764 12751.3413
13930.0000 12455.4811 12752.0331
13876.6667 12494.6075 12769.4595
13863.3333 12527.5920 12775.5465
13848.3333 12568.3721 12785.6387
13846.6667 12573.0977 12786.8914
14036.6667 12518.2955 12772.4667
14023.3333 12486.1374 12766.6406
14053.3333 12562.1878 12783.9053
14051.6667 12557.5970 12782.6190
13983.3333 12526.3796 12744.1436
13916.6667 12543.4365 12745.1101
13915.0000 12561.1674 12718.5952
13985.0000 12536.4222 12717.6644
13915.0000 12553.2497 12747.9782
13985.0000 12536.5193 12747.0259
13974.4444 12474.8880 12703.1334
13978.8889 12498.9172 12707.3510
13925.5556 12501.8992 12703.9192
13921.1111 12527.4927 12708.2524
13974.4444 12472.3410 12740.7379
13978.8889 12499.3499 12739.2883
13925.5556 12487.2628 12741.6065
13921.1111 12516.3600 12740.2527
13983.8889 12529.6616 12715.5022
13984.4444 12533.0419 12716.5865
13916.1111 12554.5659 12716.4353
13915.5556 12557.8660 12717.5181
13983.8889 12529.7595 12745.0896
13984.4444 12533.1394 12746.0566
13916.1111 12546.7123 12746.0517
13915.5556 12549.9812 12747.0143