300.0000 300.0000 300.0000
13370.0000 12473.0993 12748.1366
13530.0000 12460.1593 12746.2756
13586.0000 12576.0796 12796.8023
13314.0000 12592.8871 12800.7806
13307.0000 12605.5529 12799.5796
13593.0000 12591.2034 12799.5146
13370.0000 12473.2421 12768.9597
13530.0000 12462.8638 12769.4465
13314.0000 12598.8936 12817.3836
13307.0000 12614.7485 12822.9632
13586.0000 12583.5040 12813.3397
13593.0000 12599.5039 12818.8788
13380.6667 12473.1231 12743.1436
13391.3333 12473.4052 12739.0404
13402.0000 12474.5902 12732.3632
13412.6667 12474.0229 12727.3111
13423.3333 12471.2309 12723.6467
13434.0000 12465.6411 12721.2137
13444.6667 12458.3792 12719.9300
13455.3333 12451.5918 12719.7500
13466.0000 12448.2644 12720.6651
13476.6667 12447.0677 12722.7102
13487.3333 12447.7231 12725.9552
13498.0000 12449.8326 12730.5212
13508.6667 12452.8467 12736.6305
13519.3333 12456.2237 12743.1496
13533.7333 12467.1020 12749.8786
13537.4667 12473.8935 12754.0776
13541.2000 12480.6934 12754.0776
13544.9333 12487.4266 12755.6456
13548.6667 12493.8104 12761.7386
13552.4000 12500.6865 12766.1526
13556.1333 12508.0971 12770.5706
13559.8667 12516.4680 12775.0796
13563.6000 12525.3062 12779.5265
13567.3333 12533.7721 12782.6070
13571.0667 12542.2752 12785.6331
13574.8000 12550.7078 12788.5410
13578.5333 12559.1389 12791.3599
13582.2667 12567.6009 12794.1298
13567.8667 12557.9355 12777.5809
13549.7333 12546.2803 12761.0832
13531.6000 12538.7545 12747.3352
13513.4667 12531.7524 12736.1995
13495.3333 12526.8083 12727.8645
13477.2000 12524.8759 12722.7024
13459.0667 12527.8706 12720.3354
13440.9333 12538.7077 12720.5879
13422.8000 12549.5165 12723.4806
13404.6667 12553.2685 12729.2218
13386.5333 12551.9762 12738.2669
13368.4000 12551.0756 12749.7954
13350.2667 12559.0306 12764.0742
13332.1333 12574.3645 12781.1125
13317.7333 12584.4370 12798.2300
13321.4667 12575.3985 12795.4884
13325.2000 12566.4932 12792.6950
13328.9333 12557.9742 12789.7603
13332.6667 12549.5971 12786.7497
13336.4000 12541.2574 12783.6655
13340.1333 12532.5452 12780.0036
13343.8667 12524.1016 12775.8526
13347.6000 12515.6564 12770.9496
13351.3333 12507.3192 12766.5436
13355.0667 12499.1009 12762.2896
13358.8000 12491.3262 12757.9836
13362.5333 12484.3915 12753.9336
13366.2667 12478.3370 12751.9936
13313.5333 12593.7972 12800.7806
13313.0667 12594.7005 12800.7806
13312.6000 12595.4791 12800.3726
13312.1333 12596.3708 12800.3726
13311.6667 12597.2559 12800.3726
13311.2000 12598.1344 12800.3726
13310.7333 12599.0064 12800.3726
13310.2667 12599.7615 12799.9726
13309.8000 12600.6221 12799.9726
13309.3333 12601.4765 12799.9726
13308.8667 12602.3247 12799.9726
13308.4000 12603.0600 12799.5796
13307.9333 12603.8969 12799.5796
13307.4667 12604.7278 12799.5796
13592.5333 12590.2611 12799.5146
13592.0667 12589.3205 12799.5146
13591.6000 12588.5663 12799.9576
13591.1333 12587.6288 12799.9576
13590.6667 12586.6928 12799.9576
13590.2000 12585.7111 12799.8447
13589.7333 12584.6426 12799.5209
13589.2667 12583.5735 12799.1928
13588.8000 12582.5032 12798.8594
13588.3333 12581.4315 12798.5201
13587.8667 12580.3591 12798.1767
13587.4000 12579.2858 12797.8287
13586.9333 12578.2151 12797.4843
13586.4667 12577.1458 12797.1408
13519.3333 12458.8287 12761.6535
13508.6667 12455.1980 12755.1753
13498.0000 12452.0148 12750.0830
13487.3333 12448.8946 12746.1936
13476.6667 12446.4676 12743.3944
13466.0000 12445.9761 12741.6151
13455.3333 12447.9339 12740.8156
13444.6667 12452.8571 12740.9760
13434.0000 12458.9503 12742.1002
13423.3333 12464.6373 12744.2156
13412.6667 12467.9224 12747.3713
13402.0000 12469.4632 12751.6508
13391.3333 12470.5102 12757.1800
13380.6667 12471.9232 12764.1582
13366.2667 12480.2457 12771.3291
13362.5333 12487.7124 12775.3868
13358.8000 12495.2136 12777.8445
13355.0667 12502.9453 12780.4127
13351.3333 12510.8848 12783.4540
13347.6000 12519.0237 12786.7334
13343.8667 12527.4119 12790.2774
13340.1333 12536.0216 12793.8076
13336.4000 12544.6911 12797.3130
13332.6667 12553.4621 12800.8311
13328.9333 12562.4221 12804.3825
13325.2000 12571.7120 12807.8084
13321.4667 12580.6309 12811.1263
13317.7333 12589.7333 12814.3060
13313.5333 12600.0104 12817.7609
13313.0667 12601.1202 12818.1392
13312.6000 12602.2224 12818.5184
13312.1333 12603.3156 12818.8974
13311.6667 12604.3995 12819.2765
13311.2000 12605.4731 12819.6549
13310.7333 12606.5367 12820.0300
13310.2667 12607.5910 12820.4021
13309.8000 12608.6369 12820.7727
13309.3333 12609.6748 12821.1418
13308.8667 12610.7047 12821.5093
13308.4000 12611.7274 12821.8764
13307.9333 12612.7431 12822.2431
13307.4667 12613.7504 12822.6060
13582.2667 12574.9645 12810.2388
13578.5333 12566.4093 12807.0457
13574.8000 12557.7942 12803.7303
13571.0667 12549.1555 12800.3277
13567.3333 12540.5767 12796.8595
13563.6000 12532.0775 12793.3467
13559.8667 12523.6474 12789.8692
13556.1333 12515.1667 12786.3458
13552.4000 12506.6570 12783.0482
13548.6667 12498.3359 12779.8707
13544.9333 12490.4425 12777.0392
13541.2000 12482.9334 12774.4029
13537.4667 12475.8850 12772.2286
13533.7333 12469.2387 12770.6253
13592.5333 12598.4452 12818.5345
13592.0667 12597.3853 12818.1865
13591.6000 12596.3239 12817.8343
13591.1333 12595.2612 12817.4786
13590.6667 12594.1970 12817.1185
13590.2000 12593.1313 12816.7547
13589.7333 12592.0639 12816.3862
13589.2667 12590.9949 12816.0131
13588.8000 12589.9243 12815.6348
13588.3333 12588.8537 12815.2550
13587.8667 12587.7820 12814.8713
13587.4000 12586.7105 12814.4864
13586.9333 12585.6405 12814.1034
13586.4667 12584.5720 12813.7219
13567.8667 12565.9152 12794.9276
13549.7333 12550.3422 12779.2165
13531.6000 12540.3130 12766.2273
13513.4667 12534.1201 12755.6384
13495.3333 12528.8824 12747.9490
13477.2000 12524.3078 12743.1523
13459.0667 12524.7985 12740.9478
13440.9333 12532.8521 12741.1935
13422.8000 12542.8451 12743.9060
13404.6667 12547.3011 12749.2553
13386.5333 12549.0510 12757.5889
13368.4000 12551.8535 12768.6338
13350.2667 12563.4088 12782.1762
13332.1333 12579.2427 12798.4352
13326.0667 12589.0152 12785.4934
13345.1333 12572.6161 12767.9827
13364.2000 12561.2123 12753.3237
13383.2667 12561.0540 12741.5012
13402.3333 12562.2847 12732.2679
13421.4000 12558.7876 12726.3244
13440.4667 12547.7129 12723.3353
13459.5333 12536.7565 12723.0855
13478.6000 12534.4312 12725.5556
13497.6667 12537.3520 12730.9289
13516.7333 12542.7001 12739.5956
13535.8000 12550.4480 12750.9178
13554.8667 12558.2983 12765.0684
13573.9333 12572.7991 12781.9093
13326.0667 12594.9010 12803.4214
13345.1333 12577.2434 12786.6361
13364.2000 12563.9065 12772.6450
13383.2667 12559.3312 12761.3679
13402.3333 12556.9398 12752.6354
13421.4000 12552.4861 12747.0396
13440.4667 12542.2347 12744.2312
13459.5333 12534.5088 12743.9923
13478.6000 12534.5968 12746.2870
13497.6667 12539.6612 12751.3319
13516.7333 12545.3330 12759.4104
13535.8000 12552.0830 12770.2580
13554.8667 12564.5106 12783.7121
13573.9333 12580.9135 12799.8766
13522.5689 12462.6562 12745.7376
13525.8044 12469.0621 12747.4135
13529.0400 12475.5831 12749.3725
13532.2756 12482.1694 12751.5075
13535.5111 12488.6785 12753.7832
13538.7467 12495.0726 12756.0767
13541.9822 12501.4507 12758.4666
13545.2178 12507.9019 12760.8960
13548.4533 12514.4582 12763.3364
13551.6889 12521.1341 12765.7570
13554.9244 12527.9329 12768.1583
13558.1600 12535.0222 12770.5492
13561.3956 12542.4501 12772.9048
13564.6311 12550.1194 12775.2549
13511.4044 12458.7586 12737.4487
13514.1422 12464.7290 12738.5731
13516.8800 12470.7682 12739.9191
13519.6178 12476.8764 12741.1704
13522.3556 12483.0803 12742.6693
13525.0933 12489.3298 12744.2127
13527.8311 12495.6346 12745.8980
13530.5689 12502.0083 12747.6254
13533.3067 12508.4402 12749.4263
13536.0444 12514.8616 12751.2800
13538.7822 12521.2305 12753.1702
13541.5200 12527.5018 12755.0945
13544.2578 12533.7303 12757.0399
13546.9956 12539.9771 12759.0392
13500.2400 12455.4918 12730.5493
13502.4800 12461.1933 12730.7886
13504.7200 12466.9321 12731.3109
13506.9600 12472.6854 12731.9235
13509.2000 12478.4849 12732.8749
13511.4400 12484.2986 12733.8525
13513.6800 12490.1687 12735.1180
13515.9200 12496.0850 12736.4456
13518.1600 12502.0667 12737.8915
13520.4000 12508.0937 12739.2482
13522.6400 12514.1597 12740.6834
13524.8800 12520.2581 12742.2461
13527.1200 12526.3821 12743.8300
13529.3600 12532.5442 12745.5593
13489.0756 12453.0568 12725.4228
13490.8178 12458.4111 12725.0774
13492.5600 12463.8085 12725.0040
13494.3022 12469.2371 12724.9811
13496.0444 12474.7422 12725.3279
13497.7867 12480.2785 12725.6547
13499.5289 12485.8960 12726.3420
13501.2711 12491.5428 12727.0291
13503.0133 12497.2500 12727.9803
13504.7556 12502.9669 12729.0240
13506.4978 12508.6908 12730.1891
13508.2400 12514.4342 12731.5585
13509.9822 12520.1779 12732.9338
13511.7244 12525.9609 12734.5863
13477.9111 12452.3643 12721.8050
13479.1556 12457.6175 12721.0641
13480.4000 12462.8274 12720.5957
13481.6444 12468.0261 12720.1533
13482.8889 12473.2163 12720.1097
13484.1333 12478.4148 12720.0196
13485.3778 12483.6329 12720.3291
13486.6222 12488.8727 12720.6320
13487.8667 12494.1518 12721.2276
13489.1111 12499.4698 12721.9377
13490.3556 12504.8324 12722.7876
13491.6000 12510.2546 12723.8935
13492.8444 12515.7145 12725.0049
13494.0889 12521.2473 12726.4549
13466.7467 12453.5742 12719.5233
13467.4933 12458.8543 12718.5371
13468.2400 12464.0734 12717.8336
13468.9867 12469.2937 12717.1408
13469.7333 12474.4249 12716.8566
13470.4800 12479.5738 12716.5161
13471.2267 12484.6363 12716.5977
13471.9733 12489.7102 12716.6665
13472.7200 12494.7296 12717.0501
13473.4667 12499.7481 12717.5551
13474.2133 12504.7635 12718.2176
13474.9600 12509.7621 12719.1566
13475.7067 12514.7927 12720.1012
13476.4533 12519.8115 12721.4268
13455.5822 12457.0353 12718.4993
13455.8311 12462.4475 12717.4077
13456.0800 12467.7875 12716.5861
13456.3289 12473.1306 12715.7784
13456.5778 12478.3469 12715.3810
13456.8267 12483.5846 12714.9254
13457.0756 12488.6836 12714.9016
13457.3244 12493.7876 12714.8665
13457.5733 12498.7908 12715.1478
13457.8222 12503.7566 12715.5553
13458.0711 12508.6735 12716.1317
13458.3200 12513.5105 12716.9894
13458.5689 12518.3541 12717.8583
13458.8178 12523.0984 12719.1138
13444.4178 12464.1488 12718.6902
13444.1689 12469.8720 12717.6100
13443.9200 12475.5145 12716.7972
13443.6711 12481.1583 12715.9985
13443.4222 12486.6714 12715.6090
13443.1733 12492.2078 12715.1597
13442.9244 12497.5988 12715.1422
13442.6756 12502.9948 12715.1110
13442.4267 12508.2814 12715.3970
13442.1778 12513.5241 12715.8083
13441.9289 12518.7089 12716.3860
13441.6800 12523.7948 12717.2446
13441.4311 12528.8702 12718.1139
13441.1822 12533.7941 12719.3694
13433.2533 12471.8217 12720.1050
13432.5067 12477.9390 12719.1495
13431.7600 12483.9361 12718.4756
13431.0133 12489.9250 12717.8118
13430.2667 12495.7349 12717.5500
13429.5200 12501.5607 12717.2325
13428.7733 12507.1937 12717.3317
13428.0267 12512.8222 12717.4162
13427.2800 12518.3002 12717.8135
13426.5333 12523.7148 12718.3275
13425.7867 12529.0480 12718.9992
13425.0400 12534.2525 12719.9403
13424.2933 12539.4464 12720.8863
13423.5467 12544.4722 12722.2082
13422.0889 12477.4024 12722.7971
13420.8444 12483.4830 12722.1136
13419.6000 12489.4258 12721.6985
13418.3556 12495.3323 12721.3109
13417.1111 12501.0448 12721.3070
13415.8667 12506.7448 12721.2617
13414.6222 12512.2273 12721.6025
13413.3778 12517.6686 12721.9426
13412.1333 12522.9524 12722.5569
13410.8889 12528.1724 12723.2853
13409.6444 12533.3310 12724.1491
13408.4000 12538.3920 12725.2573
13407.1556 12543.4561 12726.3740
13405.9111 12548.3655 12727.8180
13410.9244 12479.9004 12726.8727
13409.1822 12485.6736 12726.6175
13407.4400 12491.3079 12726.6252
13405.6978 12496.8728 12726.6883
13403.9556 12502.2505 12727.1047
13402.2133 12507.5896 12727.5063
13400.4711 12512.7529 12728.2483
13398.7289 12517.8841 12728.9927
13396.9867 12522.8987 12729.9811
13395.2444 12527.8659 12731.0566
13393.5022 12532.7837 12732.2408
13391.7600 12537.6231 12733.6236
13390.0178 12542.4569 12735.0024
13388.2756 12547.1898 12736.6494
13399.7600 12480.0468 12732.5234
13397.5200 12485.3769 12732.9028
13395.2800 12490.5695 12733.5541
13393.0400 12495.6939 12734.3095
13390.8000 12500.6865 12735.3691
13388.5600 12505.6452 12736.4871
13386.3200 12510.5408 12737.8503
13384.0800 12515.5423 12739.0589
13381.8400 12520.5107 12740.3658
13379.6000 12525.4917 12741.7525
13377.3600 12530.5041 12743.2000
13375.1200 12535.5503 12744.7469
13372.8800 12540.6527 12746.3360
13370.6400 12545.8164 12748.0348
13388.5956 12478.5234 12740.1035
13385.8578 12483.6473 12741.2413
13383.1200 12488.7125 12742.4834
13380.3822 12493.7712 12743.8793
13377.6444 12498.8513 12745.4518
13374.9067 12503.9984 12747.0902
13372.1689 12509.2254 12748.8354
13369.4311 12514.5514 12750.6295
13366.6933 12519.9098 12752.4660
13363.9556 12525.7657 12754.3395
13361.2178 12531.8495 12756.2368
13358.4800 12538.2543 12758.1577
13355.7422 12544.9489 12760.0889
13353.0044 12551.8936 12762.0767
13377.4311 12477.6738 12748.1366
13374.1956 12482.9249 12750.3257
13370.9600 12488.3505 12752.5019
13367.7244 12493.9807 12754.6836
13364.4889 12500.0306 12757.0386
13361.2533 12506.5362 12759.4629
13358.0178 12513.4346 12761.9316
13354.7822 12520.6733 12764.4724
13351.5467 12528.1247 12766.8978
13348.3111 12535.6639 12769.3508
13345.0756 12543.1823 12771.7668
13341.8400 12550.7364 12774.1563
13338.6044 12558.4610 12776.5016
13335.3689 12566.5101 12778.8261
13522.5689 12464.8080 12762.1043
13525.8044 12470.8955 12763.1898
13529.0400 12477.0475 12764.4797
13532.2756 12483.3292 12766.1174
13535.5111 12489.7768 12768.1105
13538.7467 12496.4179 12770.3822
13541.9822 12503.3470 12772.8626
13545.2178 12510.6123 12775.4915
13548.4533 12518.1981 12778.2247
13551.6889 12526.0402 12781.0206
13554.9244 12534.0605 12783.8326
13558.1600 12542.1398 12786.6621
13561.3956 12550.0744 12789.4468
13564.6311 12557.9836 12792.2083
13511.4044 12460.8656 12754.7546
13514.1422 12466.6599 12754.8076
13516.8800 12472.5929 12755.4192
13519.6178 12478.6442 12756.4118
13522.3556 12484.7613 12757.8459
13525.0933 12490.8736 12759.6213
13527.8311 12496.9777 12761.3807
13530.5689 12503.1390 12763.2910
13533.3067 12509.3867 12765.3576
13536.0444 12515.7482 12767.5414
13538.7822 12522.2368 12769.7883
13541.5200 12528.9160 12772.1068
13544.2578 12535.8429 12774.4686
13546.9956 12542.9939 12776.8309
13500.2400 12457.6102 12749.0132
13502.4800 12463.2191 12748.3596
13504.7200 12468.8642 12748.2480
13506.9600 12474.5471 12748.4383
13509.2000 12480.3065 12749.0999
13511.4400 12486.1141 12749.9975
13513.6800 12491.9843 12751.2344
13515.9200 12497.9024 12752.6785
13518.1600 12503.8857 12754.3344
13520.4000 12509.9525 12756.1628
13522.6400 12516.0218 12758.1261
13524.8800 12522.0597 12760.1418
13527.1200 12528.0840 12762.0719
13529.3600 12534.1663 12764.1347
13489.0756 12454.3220 12744.6546
13490.8178 12459.8100 12743.4926
13492.5600 12465.3609 12742.8761
13494.3022 12470.9392 12742.5124
13496.0444 12476.5690 12742.6412
13497.7867 12482.2219 12742.9677
13499.5289 12487.9051 12743.6624
13501.2711 12493.5902 12744.5548
13503.0133 12499.2926 12745.6752
13504.7556 12505.0246 12747.0148
13506.4978 12510.7755 12748.4546
13508.2400 12516.5678 12750.1270
13509.9822 12522.3764 12751.8253
13511.7244 12528.2321 12753.7245
13477.9111 12451.6691 12741.5299
13479.1556 12456.9412 12740.0163
13480.4000 12462.2761 12739.0549
13481.6444 12467.6443 12738.3169
13482.8889 12473.0562 12738.0879
13484.1333 12478.4926 12738.0333
13485.3778 12483.9704 12738.3692
13486.6222 12489.4823 12738.9001
13487.8667 12495.0289 12739.6700
13489.1111 12500.6099 12740.6831
13490.3556 12506.2101 12741.7969
13491.6000 12511.8435 12743.1888
13492.8444 12517.4882 12744.5997
13494.0889 12523.1760 12746.2681
13466.7467 12451.0349 12739.5471
13467.4933 12456.1637 12737.8174
13468.2400 12461.3304 12736.6384
13468.9867 12466.5273 12735.6689
13469.7333 12471.7224 12735.2183
13470.4800 12476.9213 12734.9272
13471.2267 12482.1034 12735.0475
13471.9733 12487.2869 12735.3560
13472.7200 12492.4763 12735.9090
13473.4667 12497.6836 12736.7253
13474.2133 12502.9222 12737.6399
13474.9600 12508.2027 12738.8608
13475.7067 12513.5216 12740.0948
13476.4533 12518.8938 12741.6180
13455.5822 12453.2033 12738.6524
13455.8311 12458.5124 12736.8214
13456.0800 12463.7859 12735.5433
13456.3289 12468.9996 12734.4663
13456.5778 12474.1655 12733.9125
13456.8267 12479.3194 12733.5193
13457.0756 12484.4170 12733.5310
13457.3244 12489.4893 12733.7352
13457.5733 12494.5322 12734.1911
13457.8222 12499.5577 12734.9139
13458.0711 12504.5691 12735.7362
13458.3200 12509.5757 12736.8748
13458.5689 12514.6185 12738.0245
13458.8178 12519.6855 12739.4770
13444.4178 12458.6672 12738.8231
13444.1689 12464.3867 12737.0030
13443.9200 12469.9412 12735.7323
13443.6711 12475.4161 12734.6650
13443.4222 12480.8377 12734.1205
13443.1733 12486.2479 12733.7341
13442.9244 12491.5894 12733.7528
13442.6756 12496.8973 12733.9641
13442.4267 12502.1684 12734.4240
13442.1778 12507.4182 12735.1514
13441.9289 12512.6439 12735.9773
13441.6800 12517.7768 12737.1180
13441.4311 12522.8676 12738.2697
13441.1822 12527.8619 12739.7239
13433.2533 12465.1340 12740.0634
13432.5067 12471.2669 12738.3644
13431.7600 12477.2402 12737.2137
13431.0133 12483.1334 12736.2739
13430.2667 12488.8834 12735.8476
13429.5200 12494.5895 12735.5818
13428.7733 12500.1950 12735.7221
13428.0267 12505.7413 12736.0515
13427.2800 12511.1996 12736.6210
13426.5333 12516.5477 12737.4498
13425.7867 12521.8556 12738.3763
13425.0400 12527.0956 12739.6048
13424.2933 12532.4365 12740.8457
13423.5467 12537.6846 12742.3704
13422.0889 12470.8015 12742.4054
13420.8444 12476.9080 12740.9475
13419.6000 12482.8782 12740.0356
13418.3556 12488.7786 12739.3495
13417.1111 12494.5129 12739.1652
13415.8667 12500.1616 12739.1570
13414.6222 12505.6688 12739.5309
13413.3778 12511.0933 12740.0970
13412.1333 12516.4278 12740.8985
13410.8889 12521.6788 12741.9342
13409.6444 12526.8877 12743.0712
13408.4000 12532.0196 12744.4756
13407.1556 12537.1431 12745.8998
13405.9111 12542.2143 12747.5712
13410.9244 12473.9329 12745.9141
13409.1822 12479.8034 12744.8380
13407.4400 12485.5004 12744.2981
13405.6978 12491.0921 12744.0165
13403.9556 12496.5279 12744.2166
13402.2133 12501.8889 12744.6168
13400.4711 12507.1568 12745.3730
13398.7289 12512.3960 12746.3235
13396.9867 12517.6294 12747.4935
13395.2444 12522.8197 12748.8747
13393.5022 12527.9892 12750.3541
13391.7600 12533.1572 12752.0452
13390.0178 12538.3731 12753.7649
13388.2756 12543.6513 12755.6707
13399.7600 12475.1601 12750.6992
13397.5200 12480.7581 12750.1705
13395.2800 12486.2406 12750.1737
13393.0400 12491.6476 12750.4897
13390.8000 12496.9798 12751.2604
13388.5600 12502.2908 12752.2722
13386.3200 12507.5976 12753.6097
13384.0800 12512.9442 12755.1478
13381.8400 12518.3959 12756.8871
13379.6000 12523.9532 12758.8077
13377.3600 12529.4554 12760.6370
13375.1200 12534.7954 12762.5368
13372.8800 12540.0507 12764.5001
13370.6400 12545.7245 12766.5496
13388.5956 12476.0481 12756.9305
13385.8578 12481.5702 12757.1663
13383.1200 12487.1132 12757.9516
13380.3822 12492.6978 12759.1384
13377.6444 12498.2470 12760.7454
13374.9067 12503.6401 12762.3014
13372.1689 12508.9910 12764.1209
13369.4311 12514.9421 12766.1141
13366.6933 12521.3889 12768.2454
13363.9556 12528.0658 12770.4765
13361.2178 12534.9171 12772.7552
13358.4800 12541.8948 12775.0839
13355.7422 12548.9775 12777.4356
13353.0044 12556.1561 12779.8019
13377.4311 12477.3311 12764.9143
13374.1956 12482.6475 12765.8767
13370.9600 12488.4624 12767.2468
13367.7244 12495.0021 12769.0429
13364.4889 12501.8885 12771.1813
13361.2533 12509.0049 12773.5768
13358.0178 12516.2838 12776.1441
13354.7822 12523.7375 12778.8534
13351.5467 12531.3146 12781.6515
13348.3111 12539.0132 12784.4966
13345.0756 12546.8470 12787.3523
13341.8400 12554.8382 12790.1916
13338.6044 12562.9517 12792.9802
13335.3689 12571.0750 12795.7295
13568.2711 12558.9228 12777.8769
13568.6756 12559.9135 12778.1778
13569.0800 12560.9055 12778.4781
13569.4844 12561.9001 12778.7814
13569.8889 12562.8951 12779.0828
13570.2933 12563.8894 12779.3798
13570.6978 12564.8827 12779.6722
13571.1022 12565.8755 12779.9619
13571.5067 12566.8676 12780.2483
13571.9111 12567.8588 12780.5316
13572.3156 12568.8493 12780.8129
13572.7200 12569.8390 12781.0919
13573.1244 12570.8275 12781.3680
13573.5289 12571.8142 12781.6404
13550.0756 12547.0728 12761.3420
13550.4178 12547.8664 12761.6024
13550.7600 12548.6611 12761.8641
13551.1022 12549.4570 12762.1272
13551.4444 12550.2539 12762.3940
13551.7867 12551.0522 12762.6616
13552.1289 12551.8518 12762.9290
13552.4711 12552.6527 12763.1970
13552.8133 12553.4550 12763.4649
13553.1556 12554.2586 12763.7339
13553.4978 12555.0637 12764.0033
13553.8400 12555.8702 12764.2732
13554.1822 12556.6781 12764.5404
13554.5244 12557.4875 12764.8062
13531.8800 12539.5340 12747.5651
13532.1600 12540.3142 12747.7970
13532.4400 12541.0949 12748.0307
13532.7200 12541.8763 12748.2661
13533.0000 12542.6579 12748.5027
13533.2800 12543.4391 12748.7398
13533.5600 12544.2198 12748.9769
13533.8400 12545.0001 12749.2150
13534.1200 12545.7799 12749.4544
13534.4000 12546.5593 12749.6954
13534.6800 12547.3382 12749.9380
13534.9600 12548.1165 12750.1820
13535.2400 12548.8943 12750.4271
13535.5200 12549.6714 12750.6726
13513.6844 12532.4789 12736.4143
13513.9022 12533.2066 12736.6367
13514.1200 12533.9351 12736.8633
13514.3378 12534.6640 12737.0920
13514.5556 12535.3933 12737.3217
13514.7733 12536.1230 12737.5517
13514.9911 12536.8528 12737.7809
13515.2089 12537.5828 12738.0095
13515.4267 12538.3131 12738.2373
13515.6444 12539.0435 12738.4637
13515.8622 12539.7740 12738.6887
13516.0800 12540.5050 12738.9148
13516.2978 12541.2364 12739.1420
13516.5156 12541.9682 12739.3697
13495.4889 12527.5072 12728.0552
13495.6444 12528.2075 12728.2550
13495.8000 12528.9089 12728.4595
13495.9556 12529.6109 12728.6657
13496.1111 12530.3136 12728.8749
13496.2667 12531.0165 12729.0832
13496.4222 12531.7195 12729.2891
13496.5778 12532.4226 12729.4940
13496.7333 12533.1261 12729.6985
13496.8889 12533.8297 12729.9029
13497.0444 12534.5337 12730.1076
13497.2000 12535.2380 12730.3128
13497.3556 12535.9425 12730.5183
13497.5111 12536.6472 12730.7238
13477.2933 12525.5100 12722.8778
13477.3867 12526.1438 12723.0630
13477.4800 12526.7777 12723.2538
13477.5733 12527.4121 12723.4471
13477.6667 12528.0470 12723.6413
13477.7600 12528.6825 12723.8358
13477.8533 12529.3188 12724.0281
13477.9467 12529.9558 12724.2193
13478.0400 12530.5935 12724.4098
13478.1333 12531.2318 12724.6001
13478.2267 12531.8706 12724.7907
13478.3200 12532.5100 12724.9817
13478.4133 12533.1498 12725.1731
13478.5067 12533.7903 12725.3644
13459.0978 12528.4673 12720.4921
13459.1289 12529.0629 12720.6543
13459.1600 12529.6568 12720.8238
13459.1911 12530.2496 12720.9993
13459.2222 12530.8410 12721.1811
13459.2533 12531.4311 12721.3696
13459.2844 12532.0234 12721.5511
13459.3156 12532.6153 12721.7360
13459.3467 12533.2067 12721.9245
13459.3778 12533.7976 12722.1163
13459.4089 12534.3882 12722.3113
13459.4400 12534.9785 12722.5093
13459.4711 12535.5692 12722.7076
13459.5022 12536.1616 12722.9008
13440.9022 12539.3177 12720.7460
13440.8711 12539.9252 12720.9089
13440.8400 12540.5296 12721.0784
13440.8089 12541.1311 12721.2536
13440.7778 12541.7311 12721.4335
13440.7467 12542.3297 12721.6176
13440.7156 12542.9277 12721.8045
13440.6844 12543.5239 12721.9972
13440.6533 12544.1209 12722.1890
13440.6222 12544.7200 12722.3762
13440.5911 12545.3184 12722.5665
13440.5600 12545.9160 12722.7597
13440.5289 12546.5130 12722.9558
13440.4978 12547.1112 12723.1497
13422.7067 12550.1403 12723.6555
13422.6133 12550.7600 12723.8403
13422.5200 12551.3774 12724.0306
13422.4267 12551.9938 12724.2238
13422.3333 12552.6097 12724.4180
13422.2400 12553.2260 12724.6116
13422.1467 12553.8431 12724.8034
13422.0533 12554.4608 12724.9938
13421.9600 12555.0789 12725.1833
13421.8667 12555.6973 12725.3725
13421.7733 12556.3154 12725.5625
13421.6800 12556.9334 12725.7528
13421.5867 12557.5513 12725.9434
13421.4933 12558.1694 12726.1341
13404.5111 12553.8749 12729.4116
13404.3556 12554.4777 12729.6106
13404.2000 12555.0784 12729.8146
13404.0444 12555.6783 12730.0209
13403.8889 12556.2779 12730.2278
13403.7333 12556.8776 12730.4348
13403.5778 12557.4781 12730.6397
13403.4222 12558.0791 12730.8434
13403.2667 12558.6803 12731.0463
13403.1111 12559.2817 12731.2488
13402.9556 12559.8826 12731.4522
13402.8000 12560.4833 12731.6560
13402.6444 12561.0839 12731.8601
13402.4889 12561.6843 12732.0642
13386.3156 12552.5800 12738.4763
13386.0978 12553.1840 12738.6928
13385.8800 12553.7879 12738.9118
13385.6622 12554.3915 12739.1317
13385.4444 12554.9947 12739.3525
13385.2267 12555.5981 12739.5729
13385.0089 12556.2026 12739.7895
13384.7911 12556.8078 12740.0039
13384.5733 12557.4134 12740.2175
13384.3556 12558.0190 12740.4314
13384.1378 12558.6245 12740.6468
13383.9200 12559.2306 12740.8611
13383.7022 12559.8375 12741.0748
13383.4844 12560.4453 12741.2882
13368.1200 12551.7463 12750.0261
13367.8400 12552.4213 12750.2651
13367.5600 12553.1003 12750.5078
13367.2800 12553.7658 12750.7514
13367.0000 12554.4114 12750.9956
13366.7200 12555.0389 12751.2381
13366.4400 12555.6598 12751.4771
13366.1600 12556.2959 12751.7134
13365.8800 12556.9482 12751.9471
13365.6000 12557.6164 12752.1789
13365.3200 12558.3013 12752.4097
13365.0400 12559.0040 12752.6396
13364.7600 12559.7238 12752.8685
13364.4800 12560.4601 12753.0966
13349.9244 12559.9350 12764.3334
13349.5822 12560.8429 12764.5995
13349.2400 12561.7517 12764.8659
13348.8978 12562.6627 12765.1368
13348.5556 12563.5743 12765.4083
13348.2133 12564.4846 12765.6760
13347.8711 12565.3933 12765.9394
13347.5289 12566.3006 12766.2001
13347.1867 12567.2068 12766.4594
13346.8444 12568.1112 12766.7160
13346.5022 12569.0144 12766.9725
13346.1600 12569.9162 12767.2276
13345.8178 12570.8172 12767.4817
13345.4756 12571.7174 12767.7340
13331.7289 12575.3416 12781.4057
13331.3244 12576.3197 12781.7058
13330.9200 12577.2977 12782.0092
13330.5156 12578.2740 12782.3101
13330.1111 12579.2501 12782.6135
13329.7067 12580.2240 12782.9129
13329.3022 12581.1960 12783.2085
13328.8978 12582.1678 12783.5002
13328.4933 12583.1412 12783.7900
13328.0889 12584.1163 12784.0783
13327.6844 12585.0932 12784.3652
13327.2800 12586.0717 12784.6507
13326.8756 12587.0516 12784.9340
13326.4711 12588.0329 12785.2153
13568.2711 12566.9094 12795.2644
13568.6756 12567.9060 12795.6034
13569.0800 12568.9058 12795.9460
13569.4844 12569.9079 12796.2904
13569.8889 12570.9101 12796.6321
13570.2933 12571.9131 12796.9727
13570.6978 12572.9160 12797.3104
13571.1022 12573.9178 12797.6428
13571.5067 12574.9184 12797.9702
13571.9111 12575.9188 12798.2943
13572.3156 12576.9191 12798.6158
13572.7200 12577.9192 12798.9358
13573.1244 12578.9182 12799.2521
13573.5289 12579.9163 12799.5656
13550.0756 12551.2723 12779.5151
13550.4178 12552.2048 12779.8139
13550.7600 12553.1397 12780.1132
13551.1022 12554.0770 12780.4128
13551.4444 12555.0166 12780.7127
13551.7867 12555.9582 12781.0128
13552.1289 12556.9018 12781.3127
13552.4711 12557.8472 12781.6126
13552.8133 12558.7945 12781.9125
13553.1556 12559.7434 12782.2124
13553.4978 12560.6939 12782.5122
13553.8400 12561.6460 12782.8121
13554.1822 12562.5999 12783.1125
13554.5244 12563.5549 12783.4126
13531.8800 12541.0871 12766.4922
13532.1600 12541.8626 12766.7579
13532.4400 12542.6395 12767.0247
13532.7200 12543.4180 12767.2924
13533.0000 12544.1979 12767.5607
13533.2800 12544.9793 12767.8293
13533.5600 12545.7622 12768.0981
13533.8400 12546.5465 12768.3670
13534.1200 12547.3324 12768.6361
13534.4000 12548.1198 12768.9055
13534.6800 12548.9090 12769.1752
13534.9600 12549.6999 12769.4454
13535.2400 12550.4925 12769.7163
13535.5200 12551.2870 12769.9872
13513.6844 12534.8597 12755.8818
13513.9022 12535.6004 12756.1272
13514.1200 12536.3425 12756.3758
13514.3378 12537.0859 12756.6267
13514.5556 12537.8304 12756.8792
13514.7733 12538.5761 12757.1332
13514.9911 12539.3228 12757.3872
13515.2089 12540.0703 12757.6401
13515.4267 12540.8187 12757.8927
13515.6444 12541.5682 12758.1452
13515.8622 12542.3188 12758.3978
13516.0800 12543.0705 12758.6506
13516.2978 12543.8235 12758.9037
13516.5156 12544.5776 12759.1570
13495.4889 12529.5974 12748.1630
13495.6444 12530.3130 12748.3802
13495.8000 12531.0296 12748.6019
13495.9556 12531.7470 12748.8275
13496.1111 12532.4649 12749.0547
13496.2667 12533.1832 12749.2827
13496.4222 12533.9019 12749.5115
13496.5778 12534.6208 12749.7394
13496.7333 12535.3399 12749.9668
13496.8889 12536.0593 12750.1940
13497.0444 12536.7791 12750.4210
13497.2000 12537.4991 12750.6482
13497.3556 12538.2195 12750.8760
13497.5111 12538.9402 12751.1039
13477.2933 12524.9878 12743.3486
13477.3867 12525.6687 12743.5481
13477.4800 12526.3508 12743.7525
13477.5733 12527.0339 12743.9600
13477.6667 12527.7179 12744.1705
13477.7600 12528.4029 12744.3833
13477.8533 12529.0886 12744.5964
13477.9467 12529.7748 12744.8081
13478.0400 12530.4617 12745.0195
13478.1333 12531.1492 12745.2305
13478.2267 12531.8373 12745.4409
13478.3200 12532.5261 12745.6516
13478.4133 12533.2156 12745.8632
13478.5067 12533.9059 12746.0751
13459.0978 12525.4407 12741.1342
13459.1289 12526.0837 12741.3213
13459.1600 12526.7273 12741.5106
13459.1911 12527.3717 12741.7049
13459.2222 12528.0168 12741.9032
13459.2533 12528.6626 12742.1055
13459.2844 12529.3092 12742.3126
13459.3156 12529.9565 12742.5167
13459.3467 12530.6045 12742.7223
13459.3778 12531.2533 12742.9302
13459.4089 12531.9029 12743.1401
13459.4400 12532.5533 12743.3520
13459.4711 12533.2044 12743.5657
13459.5022 12533.8563 12743.7805
13440.9022 12533.4770 12741.3799
13440.8711 12534.1022 12741.5674
13440.8400 12534.7275 12741.7571
13440.8089 12535.3524 12741.9512
13440.7778 12535.9771 12742.1491
13440.7467 12536.6016 12742.3503
13440.7156 12537.2261 12742.5543
13440.6844 12537.8508 12742.7604
13440.6533 12538.4753 12742.9705
13440.6222 12539.1004 12743.1804
13440.5911 12539.7267 12743.3873
13440.5600 12540.3532 12743.5962
13440.5289 12540.9800 12743.8067
13440.4978 12541.6071 12744.0190
13422.7067 12543.4891 12744.1023
13422.6133 12544.1325 12744.3020
13422.5200 12544.7750 12744.5067
13422.4267 12545.4170 12744.7145
13422.3333 12546.0586 12744.9250
13422.2400 12546.6999 12745.1379
13422.1467 12547.3414 12745.3510
13422.0533 12547.9835 12745.5626
13421.9600 12548.6260 12745.7736
13421.8667 12549.2687 12745.9844
13421.7733 12549.9118 12746.1949
13421.6800 12550.5551 12746.4056
13421.5867 12551.1985 12746.6169
13421.4933 12551.8421 12746.8284
13404.5111 12547.9395 12749.4698
13404.3556 12548.5783 12749.6870
13404.2000 12549.2174 12749.9086
13404.0444 12549.8570 12750.1339
13403.8889 12550.4974 12750.3609
13403.7333 12551.1390 12750.5887
13403.5778 12551.7818 12750.8169
13403.4222 12552.4260 12751.0445
13403.2667 12553.0715 12751.2717
13403.1111 12553.7169 12751.4984
13402.9556 12554.3621 12751.7251
13402.8000 12555.0069 12751.9521
13402.6444 12555.6514 12752.1798
13402.4889 12556.2957 12752.4076
13386.3156 12549.7329 12757.8313
13386.0978 12550.4160 12758.0763
13385.8800 12551.1005 12758.3252
13385.6622 12551.7862 12758.5764
13385.4444 12552.4729 12758.8285
13385.2267 12553.1606 12759.0813
13385.0089 12553.8490 12759.3357
13384.7911 12554.5370 12759.5895
13384.5733 12555.2243 12759.8432
13384.3556 12555.9110 12760.0974
13384.1378 12556.5969 12760.3520
13383.9200 12557.2819 12760.6050
13383.7022 12557.9660 12760.8581
13383.4844 12558.6491 12761.1130
13368.1200 12552.6409 12768.8980
13367.8400 12553.4309 12769.1642
13367.5600 12554.2237 12769.4336
13367.2800 12555.0190 12769.7052
13367.0000 12555.8168 12769.9774
13366.7200 12556.6170 12770.2497
13366.4400 12557.4193 12770.5220
13366.1600 12558.2238 12770.7923
13365.8800 12559.0302 12771.0610
13365.6000 12559.8385 12771.3283
13365.3200 12560.6486 12771.5940
13365.0400 12561.4606 12771.8584
13364.7600 12562.2742 12772.1217
13364.4800 12563.0896 12772.3839
13349.9244 12564.3214 12782.4749
13349.5822 12565.2354 12782.7746
13349.2400 12566.1512 12783.0770
13348.8978 12567.0687 12783.3814
13348.5556 12567.9877 12783.6859
13348.2133 12568.9080 12783.9897
13347.8711 12569.8295 12784.2920
13347.5289 12570.7521 12784.5919
13347.1867 12571.6756 12784.8894
13346.8444 12572.6003 12785.1846
13346.5022 12573.5261 12785.4777
13346.1600 12574.4533 12785.7693
13345.8178 12575.3819 12786.0595
13345.4756 12576.3119 12786.3484
13331.7289 12580.2692 12798.7719
13331.3244 12581.2971 12799.1077
13330.9200 12582.3275 12799.4465
13330.5156 12583.3598 12799.7858
13330.1111 12584.3947 12800.1271
13329.7067 12585.4311 12800.4674
13329.3022 12586.4688 12800.8047
13328.8978 12587.5076 12801.1389
13328.4933 12588.5479 12801.4708
13328.0889 12589.5917 12801.8005
13327.6844 12590.6405 12802.1278
13327.2800 12591.6953 12802.4537
13326.8756 12592.7568 12802.7786
13326.4711 12593.8253 12803.1015