300.0000 300.0000 300.0000
13370.0000 12800.0000 12748.1366
13530.0000 12800.0000 12746.2756
13586.0000 12880.0000 12796.8023
13314.0000 12880.0000 12800.7806
13307.0000 12890.0000 12799.5796
13300.0000 12900.0000 12799.5796
13593.0000 12890.0000 12799.5146
13600.0000 12900.0000 12799.5146
13387.7778 12800.0000 12741.6737
13405.5556 12800.0000 12730.5087
13423.3333 12800.0000 12723.6467
13441.1111 12800.0000 12720.2341
13458.8889 12800.0000 12719.9315
13476.6667 12800.0000 12722.7102
13494.4444 12800.0000 12728.8417
13512.2222 12800.0000 12739.0586
13536.2222 12808.8889 12754.0776
13542.4444 12817.7778 12753.8026
13548.6667 12826.6667 12761.7386
13554.8889 12835.5556 12770.5706
13561.1111 12844.4444 12777.1131
13567.3333 12853.3333 12782.6070
13573.5556 12862.2222 12787.5812
13579.7778 12871.1111 12792.2882
13555.7778 12880.0000 12766.2678
13525.5556 12880.0000 12743.3789
13495.3333 12880.0000 12727.8645
13465.1111 12880.0000 12720.8261
13434.8889 12880.0000 12721.2503
13404.6667 12880.0000 12729.2218
13374.4444 12880.0000 12745.6501
13344.2222 12880.0000 12769.4383
13320.2222 12871.1111 12796.4038
13326.4444 12862.2222 12791.7269
13332.6667 12853.3333 12786.7497
13338.8889 12844.4444 12780.0036
13345.1111 12835.5556 12770.9496
13351.3333 12826.6667 12766.5436
13357.5556 12817.7778 12762.2896
13363.7778 12808.8889 12751.9936
13306.6667 12800.0000 12775.8526
13243.3333 12800.0000 12793.2996
13656.6667 12800.0000 12801.9356
13593.3333 12800.0000 12775.0796
13256.8889 12880.0000 12799.9726
13313.2222 12881.1111 12800.7806
13312.4444 12882.2222 12800.3726
13311.6667 12883.3333 12800.3726
13310.8889 12884.4444 12800.3726
13310.1111 12885.5556 12799.9726
13309.3333 12886.6667 12799.9726
13308.5556 12887.7778 12799.9726
13307.7778 12888.8889 12799.5796
13250.6667 12890.0000 12799.5796
13306.2222 12891.1111 12799.5796
13305.4444 12892.2222 12799.5796
13304.6667 12893.3333 12799.5796
13303.8889 12894.4444 12799.5796
13303.1111 12895.5556 12799.5796
13302.3333 12896.6667 12799.5796
13301.5556 12897.7778 12799.5796
13300.7778 12898.8889 12799.5796
13244.4444 12900.0000 12799.5796
13643.1111 12880.0000 12799.9576
13649.3333 12890.0000 12799.5146
13592.2222 12888.8889 12799.5146
13591.4444 12887.7778 12799.9576
13590.6667 12886.6667 12799.9576
13589.8889 12885.5556 12799.6293
13589.1111 12884.4444 12799.0824
13588.3333 12883.3333 12798.5201
13587.5556 12882.2222 12797.9445
13586.7778 12881.1111 12797.3699
13655.5556 12900.0000 12799.5146
13599.2222 12898.8889 12799.5146
13598.4444 12897.7778 12799.5146
13597.6667 12896.6667 12799.5146
13596.8889 12895.5556 12799.5146
13596.1111 12894.4444 12799.5146
13595.3333 12893.3333 12799.5146
13594.5556 12892.2222 12799.5146
13593.7778 12891.1111 12799.5146
13338.7778 12890.0000 12773.5004
13370.5556 12890.0000 12749.0683
13402.3333 12890.0000 12732.2679
13434.1111 12890.0000 12724.0177
13465.8889 12890.0000 12723.6014
13497.6667 12890.0000 12730.9289
13529.4444 12890.0000 12746.8417
13561.2222 12890.0000 12770.3555
13517.0617 12808.8889 12741.0417
13521.9012 12817.7778 12743.3711
13526.7407 12826.6667 12746.1437
13531.5802 12835.5556 12749.2111
13536.4198 12844.4444 12752.4715
13541.2593 12853.3333 12755.8380
13546.0988 12862.2222 12759.2670
13550.9383 12871.1111 12762.7360
13497.9012 12808.8889 12728.6098
13501.3580 12817.7778 12729.0620
13504.8148 12826.6667 12730.0666
13508.2716 12835.5556 12731.4714
13511.7284 12844.4444 12733.2954
13515.1852 12853.3333 12735.5602
13518.6420 12862.2222 12738.0711
13522.0988 12871.1111 12740.5708
13478.7407 12808.8889 12721.2413
13480.8148 12817.7778 12720.4147
13482.8889 12826.6667 12720.1097
13484.9630 12835.5556 12720.1981
13487.0370 12844.4444 12720.7664
13489.1111 12853.3333 12721.9377
13491.1852 12862.2222 12723.5399
13493.2593 12871.1111 12725.4791
13459.5802 12808.8889 12717.9205
13460.2716 12817.7778 12716.5373
13460.9630 12826.6667 12715.6824
13461.6543 12835.5556 12715.2191
13462.3457 12844.4444 12715.2594
13463.0370 12853.3333 12715.9716
13463.7284 12862.2222 12717.1628
13464.4198 12871.1111 12718.7405
13440.4198 12808.8889 12718.2530
13439.7284 12817.7778 12716.8953
13439.0370 12826.6667 12716.0632
13438.3457 12835.5556 12715.6181
13437.6543 12844.4444 12715.6749
13436.9630 12853.3333 12716.3924
13436.2716 12862.2222 12717.5897
13435.5802 12871.1111 12719.1696
13421.2593 12808.8889 12722.2745
13419.1852 12817.7778 12721.5363
13417.1111 12826.6667 12721.3070
13415.0370 12835.5556 12721.4645
13412.9630 12844.4444 12722.0810
13410.8889 12853.3333 12723.2853
13408.8148 12862.2222 12724.9019
13406.7407 12871.1111 12726.8489
13402.0988 12808.8889 12730.4810
13398.6420 12817.7778 12731.1276
13395.1852 12826.6667 12732.3029
13391.7284 12835.5556 12733.8693
13388.2716 12844.4444 12735.8249
13384.8148 12853.3333 12738.1030
13381.3580 12862.2222 12740.3879
13377.9012 12871.1111 12742.8856
13382.9383 12808.8889 12743.6095
13378.0988 12817.7778 12746.1518
13373.2593 12826.6667 12749.1017
13368.4198 12835.5556 12752.3111
13363.5802 12844.4444 12755.6588
13358.7407 12853.3333 12759.0760
13353.9012 12862.2222 12762.5216
13349.0617 12871.1111 12765.9690
13301.1358 12808.8889 12784.5626
13295.6049 12817.7778 12784.5626
13290.0741 12826.6667 12793.2996
13284.5432 12835.5556 12793.2996
13279.0123 12844.4444 12801.9356
13273.4815 12853.3333 12801.9356
13267.9506 12862.2222 12801.9356
13262.4198 12871.1111 12800.7806
13256.1975 12881.1111 12799.5796
13255.5062 12882.2222 12799.5796
13254.8148 12883.3333 12799.5796
13254.1235 12884.4444 12799.5796
13253.4321 12885.5556 12799.5796
13252.7407 12886.6667 12799.5796
13252.0494 12887.7778 12799.5796
13251.3580 12888.8889 12799.5796
13249.9753 12891.1111 12799.5796
13249.2840 12892.2222 12799.5796
13248.5926 12893.3333 12799.5796
13247.9012 12894.4444 12799.5796
13247.2099 12895.5556 12799.5796
13246.5185 12896.6667 12799.5796
13245.8272 12897.7778 12799.5796
13245.1358 12898.8889 12799.5796
13598.8642 12808.8889 12779.6066
13604.3951 12817.7778 12783.7266
13609.9259 12826.6667 12783.7266
13615.4568 12835.5556 12801.9356
13620.9877 12844.4444 12801.9356
13626.5185 12853.3333 12801.9356
13632.0494 12862.2222 12801.9356
13637.5802 12871.1111 12800.7806
13643.8025 12881.1111 12799.5146
13644.4938 12882.2222 12799.5146
13645.1852 12883.3333 12799.5146
13645.8765 12884.4444 12799.5146
13646.5679 12885.5556 12799.5146
13647.2593 12886.6667 12799.5146
13647.9506 12887.7778 12799.5146
13648.6420 12888.8889 12799.5146
13650.0247 12891.1111 12799.5146
13650.7160 12892.2222 12799.5146
13651.4074 12893.3333 12799.5146
13652.0988 12894.4444 12799.5146
13652.7901 12895.5556 12799.5146
13653.4815 12896.6667 12799.5146
13654.1728 12897.7778 12799.5146
13654.8642 12898.8889 12799.5146
13556.3827 12881.1111 12766.7221
13556.9877 12882.2222 12767.1853
13557.5926 12883.3333 12767.6552
13558.1975 12884.4444 12768.1194
13558.8025 12885.5556 12768.5781
13559.4074 12886.6667 12769.0307
13560.0123 12887.7778 12769.4800
13560.6173 12888.8889 12769.9239
13525.9877 12881.1111 12743.7485
13526.4198 12882.2222 12744.1274
13526.8519 12883.3333 12744.5122
13527.2840 12884.4444 12744.8967
13527.7160 12885.5556 12745.2813
13528.1481 12886.6667 12745.6674
13528.5802 12887.7778 12746.0572
13529.0123 12888.8889 12746.4491
13495.5926 12881.1111 12728.1876
13495.8519 12882.2222 12728.5280
13496.1111 12883.3333 12728.8749
13496.3704 12884.4444 12729.2206
13496.6296 12885.5556 12729.5622
13496.8889 12886.6667 12729.9029
13497.1481 12887.7778 12730.2444
13497.4074 12888.8889 12730.5868
13465.1975 12881.1111 12721.1013
13465.2840 12882.2222 12721.3904
13465.3704 12883.3333 12721.6861
13465.4568 12884.4444 12721.9963
13465.5432 12885.5556 12722.3152
13465.6296 12886.6667 12722.6393
13465.7160 12887.7778 12722.9613
13465.8025 12888.8889 12723.2831
13434.8025 12881.1111 12721.5301
13434.7160 12882.2222 12721.8283
13434.6296 12883.3333 12722.1384
13434.5432 12884.4444 12722.4372
13434.4568 12885.5556 12722.7424
13434.3704 12886.6667 12723.0688
13434.2840 12887.7778 12723.3830
13434.1975 12888.8889 12723.7039
13404.4074 12881.1111 12729.5434
13404.1481 12882.2222 12729.8832
13403.8889 12883.3333 12730.2278
13403.6296 12884.4444 12730.5715
13403.3704 12885.5556 12730.9111
13403.1111 12886.6667 12731.2488
13402.8519 12887.7778 12731.5881
13402.5926 12888.8889 12731.9281
13374.0123 12881.1111 12746.0235
13373.5802 12882.2222 12746.4094
13373.1481 12883.3333 12746.8024
13372.7160 12884.4444 12747.1906
13372.2840 12885.5556 12747.5725
13371.8519 12886.6667 12747.9503
13371.4198 12887.7778 12748.3252
13370.9877 12888.8889 12748.6980
13343.6173 12881.1111 12769.8912
13343.0123 12882.2222 12770.3594
13342.4074 12883.3333 12770.8266
13341.8025 12884.4444 12771.2880
13341.1975 12885.5556 12771.7413
13340.5926 12886.6667 12772.1878
13339.9877 12887.7778 12772.6316
13339.3827 12888.8889 12773.0697
13370.0000 12800.0000 12748.2486
13530.0000 12800.0000 12748.7354
13314.0000 12880.0000 12807.2854
13307.0000 12890.0000 12812.9395
13300.0000 12900.0000 12816.1336
13586.0000 12880.0000 12803.2415
13593.0000 12890.0000 12808.8551
13600.0000 12900.0000 12813.5696
13306.6667 12800.0000 12776.6766
13243.3333 12800.0000 12809.1076
13512.2222 12800.0000 12736.7400
13494.4444 12800.0000 12728.4404
13476.6667 12800.0000 12723.3154
13458.8889 12800.0000 12720.9663
13441.1111 12800.0000 12721.2334
13423.3333 12800.0000 12724.1366
13405.5556 12800.0000 12729.8723
13387.7778 12800.0000 12738.9025
13656.6667 12800.0000 12815.8376
13593.3333 12800.0000 12779.6676
13363.7778 12808.8889 12757.2603
13357.5556 12817.7778 12763.5459
13351.3333 12826.6667 12769.9802
13345.1111 12835.5556 12776.8633
13338.8889 12844.4444 12783.5643
13332.6667 12853.3333 12790.0237
13326.4444 12862.2222 12796.2281
13320.2222 12871.1111 12801.9731
13256.8889 12880.0000 12816.1336
13313.2222 12881.1111 12807.9263
13312.4444 12882.2222 12808.5687
13311.6667 12883.3333 12809.2098
13310.8889 12884.4444 12809.8474
13310.1111 12885.5556 12810.4759
13309.3333 12886.6667 12811.0995
13308.5556 12887.7778 12811.7186
13307.7778 12888.8889 12812.3355
13250.6667 12890.0000 12816.1336
13306.2222 12891.1111 12813.6296
13305.4444 12892.2222 12813.6296
13304.6667 12893.3333 12816.1336
13303.8889 12894.4444 12816.1336
13303.1111 12895.5556 12816.1336
13302.3333 12896.6667 12816.1336
13301.5556 12897.7778 12816.1336
13300.7778 12898.8889 12816.1336
13244.4444 12900.0000 12816.1336
13643.1111 12880.0000 12814.3156
13579.7778 12871.1111 12797.8957
13573.5556 12862.2222 12792.1559
13567.3333 12853.3333 12786.0521
13561.1111 12844.4444 12779.6701
13554.8889 12835.5556 12773.0147
13548.6667 12826.6667 12766.3970
13542.4444 12817.7778 12760.0155
13536.2222 12808.8889 12754.0400
13649.3333 12890.0000 12813.5696
13592.2222 12888.8889 12808.2737
13591.4444 12887.7778 12807.6807
13590.6667 12886.6667 12807.0763
13589.8889 12885.5556 12806.4600
13589.1111 12884.4444 12805.8297
13588.3333 12883.3333 12805.1882
13587.5556 12882.2222 12804.5380
13586.7778 12881.1111 12803.8892
13655.5556 12900.0000 12813.5696
13599.2222 12898.8889 12813.5696
13598.4444 12897.7778 12813.5696
13597.6667 12896.6667 12813.5696
13596.8889 12895.5556 12813.5696
13596.1111 12894.4444 12811.0856
13595.3333 12893.3333 12811.0856
13594.5556 12892.2222 12811.0856
13593.7778 12891.1111 12808.6236
13555.7778 12880.0000 12774.1017
13525.5556 12880.0000 12752.4584
13495.3333 12880.0000 12737.9238
13465.1111 12880.0000 12731.3879
13434.8889 12880.0000 12731.7987
13404.6667 12880.0000 12739.2302
13374.4444 12880.0000 12754.6822
13344.2222 12880.0000 12777.2308
13338.7778 12890.0000 12781.9016
13370.5556 12890.0000 12758.5849
13402.3333 12890.0000 12742.6319
13434.1111 12890.0000 12734.8644
13465.8889 12890.0000 12734.4637
13497.6667 12890.0000 12741.3284
13529.4444 12890.0000 12756.3818
13561.2222 12890.0000 12778.8239
13301.1358 12808.8889 12784.7146
13295.6049 12817.7778 12797.2906
13290.0741 12826.6667 12802.4566
13284.5432 12835.5556 12809.1076
13279.0123 12844.4444 12809.1076
13273.4815 12853.3333 12815.5696
13267.9506 12862.2222 12815.5696
13262.4198 12871.1111 12815.1186
13256.1975 12881.1111 12816.1336
13255.5062 12882.2222 12816.1336
13254.8148 12883.3333 12816.1336
13254.1235 12884.4444 12816.1336
13253.4321 12885.5556 12816.1336
13252.7407 12886.6667 12816.1336
13252.0494 12887.7778 12816.1336
13251.3580 12888.8889 12816.1336
13249.9753 12891.1111 12816.1336
13249.2840 12892.2222 12816.1336
13248.5926 12893.3333 12816.1336
13247.9012 12894.4444 12816.1336
13247.2099 12895.5556 12816.1336
13246.5185 12896.6667 12816.1336
13245.8272 12897.7778 12816.1336
13245.1358 12898.8889 12816.1336
13598.8642 12808.8889 12787.5436
13604.3951 12817.7778 12792.1456
13609.9259 12826.6667 12796.3306
13615.4568 12835.5556 12801.8146
13620.9877 12844.4444 12815.8376
13626.5185 12853.3333 12815.8376
13632.0494 12862.2222 12815.8376
13637.5802 12871.1111 12815.1156
13643.8025 12881.1111 12813.9526
13644.4938 12882.2222 12813.9526
13645.1852 12883.3333 12813.5696
13645.8765 12884.4444 12813.5696
13646.5679 12885.5556 12813.5696
13647.2593 12886.6667 12813.5696
13647.9506 12887.7778 12813.5696
13648.6420 12888.8889 12813.5696
13650.0247 12891.1111 12813.5696
13650.7160 12892.2222 12813.5696
13651.4074 12893.3333 12813.5696
13652.0988 12894.4444 12813.5696
13652.7901 12895.5556 12813.5696
13653.4815 12896.6667 12813.5696
13654.1728 12897.7778 12813.5696
13654.8642 12898.8889 12813.5696
13517.0617 12808.8889 12739.8656
13521.9012 12817.7778 12743.7042
13526.7407 12826.6667 12748.0714
13531.5802 12835.5556 12752.2540
13536.4198 12844.4444 12756.6481
13541.2593 12853.3333 12761.1004
13546.0988 12862.2222 12765.5035
13550.9383 12871.1111 12769.8306
13497.9012 12808.8889 12729.6773
13501.3580 12817.7778 12731.4605
13504.8148 12826.6667 12733.6449
13508.2716 12835.5556 12736.1605
13511.7284 12844.4444 12739.0278
13515.1852 12853.3333 12742.1856
13518.6420 12862.2222 12745.5172
13522.0988 12871.1111 12749.0017
13478.7407 12808.8889 12723.4777
13480.8148 12817.7778 12724.1337
13482.8889 12826.6667 12725.1312
13484.9630 12835.5556 12726.4274
13487.0370 12844.4444 12728.1039
13489.1111 12853.3333 12730.1718
13491.1852 12862.2222 12732.4923
13493.2593 12871.1111 12735.0500
13459.5802 12808.8889 12720.6498
13460.2716 12817.7778 12720.8020
13460.9630 12826.6667 12721.2799
13461.6543 12835.5556 12722.0434
13462.3457 12844.4444 12723.2114
13463.0370 12853.3333 12724.8093
13463.7284 12862.2222 12726.6926
13464.4198 12871.1111 12728.8471
13440.4198 12808.8889 12720.9447
13439.7284 12817.7778 12721.1246
13439.0370 12826.6667 12721.6250
13438.3457 12835.5556 12722.4102
13437.6543 12844.4444 12723.5966
13436.9630 12853.3333 12725.2065
13436.2716 12862.2222 12727.0995
13435.5802 12871.1111 12729.2590
13421.2593 12808.8889 12724.3909
13419.1852 12817.7778 12725.1312
13417.1111 12826.6667 12726.2085
13415.0370 12835.5556 12727.5775
13412.9630 12844.4444 12729.3135
13410.8889 12853.3333 12731.4229
13408.8148 12862.2222 12733.7747
13406.7407 12871.1111 12736.3519
13402.0988 12808.8889 12731.2905
13398.6420 12817.7778 12733.2456
13395.1852 12826.6667 12735.5962
13391.7284 12835.5556 12738.2724
13388.2716 12844.4444 12741.2692
13384.8148 12853.3333 12744.5280
13381.3580 12862.2222 12747.9495
13377.9012 12871.1111 12751.3014
13382.9383 12808.8889 12742.3663
13378.0988 12817.7778 12746.5835
13373.2593 12826.6667 12750.7473
13368.4198 12835.5556 12755.1530
13363.5802 12844.4444 12759.6795
13358.7407 12853.3333 12764.2175
13353.9012 12862.2222 12768.6507
13349.0617 12871.1111 12772.9964
13556.3827 12881.1111 12774.6286
13556.9877 12882.2222 12775.1549
13557.5926 12883.3333 12775.6819
13558.1975 12884.4444 12776.2096
13558.8025 12885.5556 12776.7383
13559.4074 12886.6667 12777.2656
13560.0123 12887.7778 12777.7898
13560.6173 12888.8889 12778.3092
13525.9877 12881.1111 12752.8852
13526.4198 12882.2222 12753.3170
13526.8519 12883.3333 12753.7539
13527.2840 12884.4444 12754.1927
13527.7160 12885.5556 12754.6305
13528.1481 12886.6667 12755.0681
13528.5802 12887.7778 12755.5054
13529.0123 12888.8889 12755.9439
13495.5926 12881.1111 12738.2864
13495.8519 12882.2222 12738.6594
13496.1111 12883.3333 12739.0404
13496.3704 12884.4444 12739.4236
13496.6296 12885.5556 12739.8059
13496.8889 12886.6667 12740.1865
13497.1481 12887.7778 12740.5664
13497.4074 12888.8889 12740.9474
13465.1975 12881.1111 12731.7071
13465.2840 12882.2222 12732.0323
13465.3704 12883.3333 12732.3642
13465.4568 12884.4444 12732.7048
13465.5432 12885.5556 12733.0518
13465.6296 12886.6667 12733.4040
13465.7160 12887.7778 12733.7600
13465.8025 12888.8889 12734.1099
13434.8025 12881.1111 12732.1190
13434.7160 12882.2222 12732.4476
13434.6296 12883.3333 12732.7854
13434.5432 12884.4444 12733.1201
13434.4568 12885.5556 12733.4676
13434.3704 12886.6667 12733.8181
13434.2840 12887.7778 12734.1635
13434.1975 12888.8889 12734.5154
13404.4074 12881.1111 12739.5932
13404.1481 12882.2222 12739.9661
13403.8889 12883.3333 12740.3466
13403.6296 12884.4444 12740.7292
13403.3704 12885.5556 12741.1109
13403.1111 12886.6667 12741.4909
13402.8519 12887.7778 12741.8704
13402.5926 12888.8889 12742.2511
13374.0123 12881.1111 12755.1102
13373.5802 12882.2222 12755.5451
13373.1481 12883.3333 12755.9845
13372.7160 12884.4444 12756.4240
13372.2840 12885.5556 12756.8615
13371.8519 12886.6667 12757.2957
13371.4198 12887.7778 12757.7273
13370.9877 12888.8889 12758.1571
13343.6173 12881.1111 12777.7522
13343.0123 12882.2222 12778.2806
13342.4074 12883.3333 12778.8116
13341.8025 12884.4444 12779.3423
13341.1975 12885.5556 12779.8662
13340.5926 12886.6667 12780.3830
13339.9877 12887.7778 12780.8938
13339.3827 12888.8889 12781.4000