300.0000 300.0000 300.0000
13890.0000 12800.0000 12717.5718
14010.0000 12800.0000 12715.5036
14058.0000 12880.0000 12755.9858
13842.0000 12880.0000 12759.1810
13836.0000 12890.0000 12764.3100
13800.0000 12950.0000 12796.1336
14064.0000 12890.0000 12761.1389
14100.0000 12950.0000 12793.5696
13898.0000 12800.0000 12713.2626
13906.0000 12800.0000 12709.6920
13914.0000 12800.0000 12706.7701
13922.0000 12800.0000 12704.4617
13930.0000 12800.0000 12702.7296
13938.0000 12800.0000 12701.5490
13946.0000 12800.0000 12700.9028
13954.0000 12800.0000 12700.7810
13962.0000 12800.0000 12701.1862
13970.0000 12800.0000 12702.1209
13978.0000 12800.0000 12703.5978
13986.0000 12800.0000 12705.6388
13994.0000 12800.0000 12708.2761
14002.0000 12800.0000 12711.5408
14013.2000 12805.3333 12717.3920
14016.4000 12810.6667 12719.5043
14019.6000 12816.0000 12721.9511
14022.8000 12821.3333 12724.5946
14026.0000 12826.6667 12727.5234
14029.2000 12832.0000 12730.1998
14032.4000 12837.3333 12733.0107
14035.6000 12842.6667 12735.8827
14038.8000 12848.0000 12738.7919
14042.0000 12853.3333 12741.7213
14045.2000 12858.6667 12744.6267
14048.4000 12864.0000 12747.5136
14051.6000 12869.3333 12750.3630
14054.8000 12874.6667 12753.1932
14043.6000 12880.0000 12744.4676
14029.2000 12880.0000 12734.6678
14014.8000 12880.0000 12726.2994
14000.4000 12880.0000 12719.7593
13986.0000 12880.0000 12715.1205
13971.6000 12880.0000 12712.1849
13957.2000 12880.0000 12710.8441
13942.8000 12880.0000 12711.0394
13928.4000 12880.0000 12712.7779
13914.0000 12880.0000 12716.1339
13899.6000 12880.0000 12721.2342
13885.2000 12880.0000 12728.2984
13870.8000 12880.0000 12737.0008
13856.4000 12880.0000 12747.2357
13845.2000 12874.6667 12756.4139
13848.4000 12869.3333 12753.5866
13851.6000 12864.0000 12750.7107
13854.8000 12858.6667 12747.7965
13858.0000 12853.3333 12744.8619
13861.2000 12848.0000 12741.8815
13864.4000 12842.6667 12738.8978
13867.6000 12837.3333 12735.9339
13870.8000 12832.0000 12733.0174
13874.0000 12826.6667 12730.1856
13877.2000 12821.3333 12727.5034
13880.4000 12816.0000 12724.6378
13883.6000 12810.6667 12721.9851
13886.8000 12805.3333 12719.6556
13890.0000 12800.0000 12588.6404
14010.0000 12800.0000 12587.7978
14058.0000 12880.0000 12604.2905
13842.0000 12880.0000 12605.5922
13817.3333 12800.0000 12756.6766
13744.6667 12800.0000 12786.8236
14155.3333 12800.0000 12795.8376
14082.6667 12800.0000 12759.6676
13772.5333 12880.0000 12796.1336
13703.0667 12880.0000 12796.1336
13841.6000 12880.6667 12759.5247
13841.2000 12881.3333 12759.8692
13840.8000 12882.0000 12760.2161
13840.4000 12882.6667 12760.5654
13840.0000 12883.3333 12760.9144
13839.6000 12884.0000 12761.2635
13839.2000 12884.6667 12761.6118
13838.8000 12885.3333 12761.9568
13838.4000 12886.0000 12762.2990
13838.0000 12886.6667 12762.6388
13837.6000 12887.3333 12762.9764
13837.2000 12888.0000 12763.3118
13836.8000 12888.6667 12763.6460
13836.4000 12889.3333 12763.9793
13766.9333 12890.0000 12796.1336
13836.0000 12890.0000 12607.6819
13833.6000 12894.0000 12767.4536
13831.2000 12898.0000 12767.4536
13828.8000 12902.0000 12769.7236
13826.4000 12906.0000 12772.0176
13824.0000 12910.0000 12774.3336
13821.6000 12914.0000 12776.6736
13819.2000 12918.0000 12779.0366
13816.8000 12922.0000 12781.4236
13814.4000 12926.0000 12783.8226
13812.0000 12930.0000 12786.2426
13809.6000 12934.0000 12788.6836
13807.2000 12938.0000 12793.6296
13804.8000 12942.0000 12796.1336
13802.4000 12946.0000 12796.1336
13733.3333 12950.0000 12796.1336
13800.0000 12950.0000 12620.6470
14196.9333 12880.0000 12793.5696
14127.4667 12880.0000 12794.3156
14133.0667 12890.0000 12793.5696
14063.6000 12889.3333 12760.8077
14063.2000 12888.6667 12760.4737
14062.8000 12888.0000 12760.1373
14062.4000 12887.3333 12759.7982
14062.0000 12886.6667 12759.4566
14061.6000 12886.0000 12759.1127
14061.2000 12885.3333 12758.7669
14060.8000 12884.6667 12758.4194
14060.4000 12884.0000 12758.0705
14060.0000 12883.3333 12757.7213
14059.6000 12882.6667 12757.3722
14059.2000 12882.0000 12757.0237
14058.8000 12881.3333 12756.6766
14058.4000 12880.6667 12756.3310
14064.0000 12890.0000 12606.3899
14166.6667 12950.0000 12793.5696
14097.6000 12946.0000 12793.5696
14095.2000 12942.0000 12791.0856
14092.8000 12938.0000 12788.6236
14090.4000 12934.0000 12786.1826
14088.0000 12930.0000 12783.7626
14085.6000 12926.0000 12781.3636
14083.2000 12922.0000 12778.9786
14080.8000 12918.0000 12776.6146
14078.4000 12914.0000 12774.2736
14076.0000 12910.0000 12771.9546
14073.6000 12906.0000 12769.6586
14071.2000 12902.0000 12767.3836
14068.8000 12898.0000 12765.1596
14066.4000 12894.0000 12762.9596
14100.0000 12950.0000 12619.6024
13851.2000 12890.0000 12751.8659
13866.4000 12890.0000 12741.1990
13881.6000 12890.0000 12732.2758
13896.8000 12890.0000 12724.8179
13912.0000 12890.0000 12719.4343
13927.2000 12890.0000 12715.8943
13942.4000 12890.0000 12714.0927
13957.6000 12890.0000 12713.9022
13972.8000 12890.0000 12715.2989
13988.0000 12890.0000 12718.4180
14003.2000 12890.0000 12723.3392
14018.4000 12890.0000 12730.2739
14033.6000 12890.0000 12738.8757
14048.8000 12890.0000 12749.1199
14002.0000 12800.0000 12586.1833
13994.0000 12800.0000 12584.8532
13986.0000 12800.0000 12583.7788
13978.0000 12800.0000 12582.9472
13970.0000 12800.0000 12582.3456
13962.0000 12800.0000 12581.9648
13954.0000 12800.0000 12581.7997
13946.0000 12800.0000 12581.8493
13938.0000 12800.0000 12582.1126
13930.0000 12800.0000 12582.5935
13922.0000 12800.0000 12583.2992
13914.0000 12800.0000 12584.2397
13906.0000 12800.0000 12585.4301
13898.0000 12800.0000 12586.8848
14054.8000 12874.6667 12603.1528
14051.6000 12869.3333 12601.9997
14048.4000 12864.0000 12600.8389
14045.2000 12858.6667 12599.6627
14042.0000 12853.3333 12598.4790
14038.8000 12848.0000 12597.2856
14035.6000 12842.6667 12596.1004
14032.4000 12837.3333 12594.9303
14029.2000 12832.0000 12593.7851
14026.0000 12826.6667 12592.6947
14022.8000 12821.3333 12591.5015
14019.6000 12816.0000 12590.4245
14016.4000 12810.6667 12589.4277
14013.2000 12805.3333 12588.5671
14043.6000 12880.0000 12599.5979
14029.2000 12880.0000 12595.6054
14014.8000 12880.0000 12592.1961
14000.4000 12880.0000 12589.5316
13986.0000 12880.0000 12587.6417
13971.6000 12880.0000 12586.4457
13957.2000 12880.0000 12585.8994
13942.8000 12880.0000 12585.9790
13928.4000 12880.0000 12586.6873
13914.0000 12880.0000 12588.0546
13899.6000 12880.0000 12590.1325
13885.2000 12880.0000 12593.0105
13870.8000 12880.0000 12596.5559
13856.4000 12880.0000 12600.7257
13886.8000 12805.3333 12589.4893
13883.6000 12810.6667 12590.4384
13880.4000 12816.0000 12591.5191
13877.2000 12821.3333 12592.6866
13874.0000 12826.6667 12593.7793
13870.8000 12832.0000 12594.9330
13867.6000 12837.3333 12596.1212
13864.4000 12842.6667 12597.3287
13861.2000 12848.0000 12598.5443
13858.0000 12853.3333 12599.7586
13854.8000 12858.6667 12600.9541
13851.6000 12864.0000 12602.1414
13848.4000 12869.3333 12603.3131
13845.2000 12874.6667 12604.4649
14004.7733 12805.3333 12712.8356
14007.5467 12810.6667 12714.2892
14010.3200 12816.0000 12716.0435
14013.0933 12821.3333 12717.9159
14015.8667 12826.6667 12720.0621
14018.6400 12832.0000 12722.3188
14021.4133 12837.3333 12724.7490
14024.1867 12842.6667 12727.3259
14026.9600 12848.0000 12729.7562
14029.7333 12853.3333 12732.1513
14032.5067 12858.6667 12734.5721
14035.2800 12864.0000 12737.0338
14038.0533 12869.3333 12739.5061
14040.8267 12874.6667 12741.9796
13996.3467 12805.3333 12709.0992
13998.6933 12810.6667 12710.0389
14001.0400 12816.0000 12711.2637
14003.3867 12821.3333 12712.5498
14005.7333 12826.6667 12714.1180
14008.0800 12832.0000 12715.7406
14010.4267 12837.3333 12717.5667
14012.7733 12842.6667 12719.4740
14015.1200 12848.0000 12721.4949
14017.4667 12853.3333 12723.6235
14019.8133 12858.6667 12725.7813
14022.1600 12864.0000 12728.0809
14024.5067 12869.3333 12730.2863
14026.8533 12874.6667 12732.4631
13987.9200 12805.3333 12706.1008
13989.8400 12810.6667 12706.6394
13991.7600 12816.0000 12707.4635
13993.6800 12821.3333 12708.3068
13995.6000 12826.6667 12709.4415
13997.5200 12832.0000 12710.5981
13999.4400 12837.3333 12711.9736
14001.3600 12842.6667 12713.4192
14003.2800 12848.0000 12714.9859
14005.2000 12853.3333 12716.6851
14007.1200 12858.6667 12718.4147
14009.0400 12864.0000 12720.3159
14010.9600 12869.3333 12722.2019
14012.8800 12874.6667 12724.2532
13979.4933 12805.3333 12703.7837
13980.9867 12810.6667 12704.0257
13982.4800 12816.0000 12704.5447
13983.9733 12821.3333 12705.0589
13985.4667 12826.6667 12705.8748
13986.9600 12832.0000 12706.6899
13988.4533 12837.3333 12707.7377
13989.9467 12842.6667 12708.8508
13991.4400 12848.0000 12710.0908
13992.9333 12853.3333 12711.4787
13994.4267 12858.6667 12712.8970
13995.9200 12864.0000 12714.5263
13997.4133 12869.3333 12716.1313
13998.9067 12874.6667 12717.9503
13971.0667 12805.3333 12702.1081
13972.1333 12810.6667 12702.1333
13973.2000 12816.0000 12702.4398
13974.2667 12821.3333 12702.7232
13975.3333 12826.6667 12703.3125
13976.4000 12832.0000 12703.8895
13977.4667 12837.3333 12704.7069
13978.5333 12842.6667 12705.5865
13979.6000 12848.0000 12706.5969
13980.6667 12853.3333 12707.7729
13981.7333 12858.6667 12708.9726
13982.8000 12864.0000 12710.4135
13983.8667 12869.3333 12711.8223
13984.9333 12874.6667 12713.4785
13962.6400 12805.3333 12701.0463
13963.2800 12810.6667 12700.9365
13963.9200 12816.0000 12701.1064
13964.5600 12821.3333 12701.2422
13965.2000 12826.6667 12701.6893
13965.8400 12832.0000 12702.1147
13966.4800 12837.3333 12702.7885
13967.1200 12842.6667 12703.5190
13967.7600 12848.0000 12704.3879
13968.4000 12853.3333 12705.4284
13969.0400 12858.6667 12706.4950
13969.6800 12864.0000 12707.8119
13970.3200 12869.3333 12709.0969
13970.9600 12874.6667 12710.6471
13954.2133 12805.3333 12700.5832
13954.4267 12810.6667 12700.4102
13954.6400 12816.0000 12700.5186
13954.8533 12821.3333 12700.5857
13955.0667 12826.6667 12700.9664
13955.2800 12832.0000 12701.3175
13955.4933 12837.3333 12701.9270
13955.7067 12842.6667 12702.5894
13955.9200 12848.0000 12703.3918
13956.1333 12853.3333 12704.3661
13956.3467 12858.6667 12705.3638
13956.5600 12864.0000 12706.6272
13956.7733 12869.3333 12707.8534
13956.9867 12874.6667 12709.3509
13945.7867 12805.3333 12700.7119
13945.5733 12810.6667 12700.5528
13945.3600 12816.0000 12700.6629
13945.1467 12821.3333 12700.7388
13944.9333 12826.6667 12701.1262
13944.7200 12832.0000 12701.4841
13944.5067 12837.3333 12702.0985
13944.2933 12842.6667 12702.7662
13944.0800 12848.0000 12703.5753
13943.8667 12853.3333 12704.5525
13943.6533 12858.6667 12705.5536
13943.4400 12864.0000 12706.8191
13943.2267 12869.3333 12708.0473
13943.0133 12874.6667 12709.5462
13937.3600 12805.3333 12701.4337
13936.7200 12810.6667 12701.3508
13936.0800 12816.0000 12701.5436
13935.4400 12821.3333 12701.7040
13934.8000 12826.6667 12702.1718
13934.1600 12832.0000 12702.6182
13933.5200 12837.3333 12703.3097
13932.8800 12842.6667 12704.0563
13932.2400 12848.0000 12704.9403
13931.6000 12853.3333 12705.9921
13930.9600 12858.6667 12707.0693
13930.3200 12864.0000 12708.3924
13929.6800 12869.3333 12709.6855
13929.0400 12874.6667 12711.2379
13928.9333 12805.3333 12702.7603
13927.8667 12810.6667 12702.8293
13926.8000 12816.0000 12703.1775
13925.7333 12821.3333 12703.5032
13924.6667 12826.6667 12704.1285
13923.6000 12832.0000 12704.7428
13922.5333 12837.3333 12705.5910
13921.4667 12842.6667 12706.5003
13920.4000 12848.0000 12707.5362
13919.3333 12853.3333 12708.7332
13918.2667 12858.6667 12709.9516
13917.2000 12864.0000 12711.4052
13916.1333 12869.3333 12712.8267
13915.0667 12874.6667 12714.4877
13920.5067 12805.3333 12704.7116
13919.0133 12810.6667 12705.0186
13917.5200 12816.0000 12705.5973
13916.0267 12821.3333 12706.1751
13914.5333 12826.6667 12707.0449
13913.0400 12832.0000 12707.9168
13911.5467 12837.3333 12709.0119
13910.0533 12842.6667 12710.1701
13908.5600 12848.0000 12711.4503
13907.0667 12853.3333 12712.8701
13905.5733 12858.6667 12714.3179
13904.0800 12864.0000 12715.9661
13902.5867 12869.3333 12717.5910
13901.0933 12874.6667 12719.4177
13912.0800 12805.3333 12707.3198
13910.1600 12810.6667 12707.9481
13908.2400 12816.0000 12708.8550
13906.3200 12821.3333 12709.7863
13904.4000 12826.6667 12710.9990
13902.4800 12832.0000 12712.2363
13900.5600 12837.3333 12713.6804
13898.6400 12842.6667 12715.1917
13896.7200 12848.0000 12716.8161
13894.8000 12853.3333 12718.5640
13892.8800 12858.6667 12720.3395
13890.9600 12864.0000 12722.2674
13889.0400 12869.3333 12724.1827
13887.1200 12874.6667 12726.2467
13903.6533 12805.3333 12710.6314
13901.3067 12810.6667 12711.6918
13898.9600 12816.0000 12713.0278
13896.6133 12821.3333 12714.4360
13894.2667 12826.6667 12716.1120
13891.9200 12832.0000 12717.8490
13889.5733 12837.3333 12719.7734
13887.2267 12842.6667 12721.7800
13884.8800 12848.0000 12723.8850
13882.5333 12853.3333 12726.0793
13880.1867 12858.6667 12728.3330
13877.8400 12864.0000 12730.5033
13875.4933 12869.3333 12732.6075
13873.1467 12874.6667 12734.8023
13895.2267 12805.3333 12714.7128
13892.4533 12810.6667 12716.3221
13889.6800 12816.0000 12718.2326
13886.9067 12821.3333 12720.2720
13884.1333 12826.6667 12722.5731
13881.3600 12832.0000 12724.9844
13878.5867 12837.3333 12727.5933
13875.8133 12842.6667 12729.9727
13873.0400 12848.0000 12732.3976
13870.2667 12853.3333 12734.8606
13867.4933 12858.6667 12737.3219
13864.7200 12864.0000 12739.8014
13861.9467 12869.3333 12742.2907
13859.1733 12874.6667 12744.7607
13817.3333 12800.0000 12604.5719
13744.6667 12800.0000 12616.8541
14155.3333 12800.0000 12620.5264
14082.6667 12800.0000 12605.7905
13772.5333 12880.0000 12620.6470
13703.0667 12880.0000 12620.6470
13814.3467 12805.3333 12756.6766
13811.3600 12810.6667 12764.7146
13808.3733 12816.0000 12772.8486
13805.3867 12821.3333 12772.8486
13802.4000 12826.6667 12777.2906
13799.4133 12832.0000 12777.2906
13796.4267 12837.3333 12782.4566
13793.4400 12842.6667 12789.1076
13790.4533 12848.0000 12789.1076
13787.4667 12853.3333 12793.3766
13784.4800 12858.6667 12795.5696
13781.4933 12864.0000 12795.5696
13778.5067 12869.3333 12795.5696
13775.5200 12874.6667 12795.1186
13741.8933 12805.3333 12789.1076
13739.1200 12810.6667 12789.1076
13736.3467 12816.0000 12789.1076
13733.5733 12821.3333 12795.5696
13730.8000 12826.6667 12795.5696
13728.0267 12832.0000 12795.5696
13725.2533 12837.3333 12795.5696
13722.4800 12842.6667 12795.5696
13719.7067 12848.0000 12795.5696
13716.9333 12853.3333 12795.5696
13714.1600 12858.6667 12795.5696
13711.3867 12864.0000 12796.1336
13708.6133 12869.3333 12796.1336
13705.8400 12874.6667 12796.1336
13841.6000 12880.6667 12605.7323
13841.2000 12881.3333 12605.8727
13840.8000 12882.0000 12606.0140
13840.4000 12882.6667 12606.1563
13840.0000 12883.3333 12606.2985
13839.6000 12884.0000 12606.4407
13839.2000 12884.6667 12606.5826
13838.8000 12885.3333 12606.7232
13838.4000 12886.0000 12606.8626
13838.0000 12886.6667 12607.0010
13837.6000 12887.3333 12607.1385
13837.2000 12888.0000 12607.2752
13836.8000 12888.6667 12607.4113
13836.4000 12889.3333 12607.5471
13766.9333 12890.0000 12620.6470
13772.1600 12880.6667 12796.1336
13771.7867 12881.3333 12796.1336
13771.4133 12882.0000 12796.1336
13771.0400 12882.6667 12796.1336
13770.6667 12883.3333 12796.1336
13770.2933 12884.0000 12796.1336
13769.9200 12884.6667 12796.1336
13769.5467 12885.3333 12796.1336
13769.1733 12886.0000 12796.1336
13768.8000 12886.6667 12796.1336
13768.4267 12887.3333 12796.1336
13768.0533 12888.0000 12796.1336
13767.6800 12888.6667 12796.1336
13767.3067 12889.3333 12796.1336
13702.7200 12880.6667 12796.1336
13702.3733 12881.3333 12796.1336
13702.0267 12882.0000 12796.1336
13701.6800 12882.6667 12796.1336
13701.3333 12883.3333 12796.1336
13700.9867 12884.0000 12796.1336
13700.6400 12884.6667 12796.1336
13700.2933 12885.3333 12796.1336
13699.9467 12886.0000 12796.1336
13833.6000 12894.0000 12608.9626
13831.2000 12898.0000 12608.9626
13828.8000 12902.0000 12609.8874
13826.4000 12906.0000 12610.8220
13824.0000 12910.0000 12611.7655
13821.6000 12914.0000 12612.7189
13819.2000 12918.0000 12613.6816
13816.8000 12922.0000 12614.6541
13814.4000 12926.0000 12615.6314
13812.0000 12930.0000 12616.6174
13809.6000 12934.0000 12617.6118
13807.2000 12938.0000 12619.6269
13804.8000 12942.0000 12620.6470
13802.4000 12946.0000 12620.6470
13733.3333 12950.0000 12620.6470
13764.6933 12894.0000 12796.1336
13762.4533 12898.0000 12796.1336
13760.2133 12902.0000 12796.1336
13757.9733 12906.0000 12796.1336
13755.7333 12910.0000 12796.1336
13753.4933 12914.0000 12796.1336
13751.2533 12918.0000 12796.1336
13749.0133 12922.0000 12796.1336
13746.7733 12926.0000 12796.1336
13744.5333 12930.0000 12796.1336
13742.2933 12934.0000 12796.1336
13740.0533 12938.0000 12796.1336
13737.8133 12942.0000 12796.1336
13735.5733 12946.0000 12796.1336
14196.9333 12880.0000 12619.6024
14127.4667 12880.0000 12619.9064
14158.1067 12805.3333 12795.8376
14160.8800 12810.6667 12795.8376
14163.6533 12816.0000 12795.8376
14166.4267 12821.3333 12795.8376
14169.2000 12826.6667 12795.8376
14171.9733 12832.0000 12795.8376
14174.7467 12837.3333 12795.8376
14177.5200 12842.6667 12795.8376
14180.2933 12848.0000 12795.8376
14183.0667 12853.3333 12795.8376
14185.8400 12858.6667 12795.8376
14188.6133 12864.0000 12795.5676
14191.3867 12869.3333 12794.6556
14194.1600 12874.6667 12793.9526
14085.6533 12805.3333 12759.6676
14088.6400 12810.6667 12759.6676
14091.6267 12816.0000 12767.5436
14094.6133 12821.3333 12772.1456
14097.6000 12826.6667 12776.3306
14100.5867 12832.0000 12776.3306
14103.5733 12837.3333 12781.8146
14106.5600 12842.6667 12781.8146
14109.5467 12848.0000 12795.8376
14112.5333 12853.3333 12795.8376
14115.5200 12858.6667 12795.8376
14118.5067 12864.0000 12795.8376
14121.4933 12869.3333 12795.8376
14124.4800 12874.6667 12795.1156
14133.0667 12890.0000 12619.6024
14063.6000 12889.3333 12606.2550
14063.2000 12888.6667 12606.1189
14062.8000 12888.0000 12605.9819
14062.4000 12887.3333 12605.8437
14062.0000 12886.6667 12605.7045
14061.6000 12886.0000 12605.5644
14061.2000 12885.3333 12605.4235
14060.8000 12884.6667 12605.2820
14060.4000 12884.0000 12605.1398
14060.0000 12883.3333 12604.9975
14059.6000 12882.6667 12604.8553
14059.2000 12882.0000 12604.7133
14058.8000 12881.3333 12604.5720
14058.4000 12880.6667 12604.4311
14197.2800 12880.6667 12793.5696
14197.6267 12881.3333 12793.5696
14197.9733 12882.0000 12793.5696
14198.3200 12882.6667 12793.5696
14198.6667 12883.3333 12793.5696
14199.0133 12884.0000 12793.5696
14199.3600 12884.6667 12793.5696
14199.7067 12885.3333 12793.5696
14200.0533 12886.0000 12793.5696
14127.8400 12880.6667 12794.3156
14128.2133 12881.3333 12794.3156
14128.5867 12882.0000 12794.3156
14128.9600 12882.6667 12793.9526
14129.3333 12883.3333 12793.9526
14129.7067 12884.0000 12793.9526
14130.0800 12884.6667 12793.9526
14130.4533 12885.3333 12793.5696
14130.8267 12886.0000 12793.5696
14131.2000 12886.6667 12793.5696
14131.5733 12887.3333 12793.5696
14131.9467 12888.0000 12793.5696
14132.3200 12888.6667 12793.5696
14132.6933 12889.3333 12793.5696
14166.6667 12950.0000 12619.6024
14097.6000 12946.0000 12619.6024
14095.2000 12942.0000 12618.5904
14092.8000 12938.0000 12617.5874
14090.4000 12934.0000 12616.5929
14088.0000 12930.0000 12615.6070
14085.6000 12926.0000 12614.6296
14083.2000 12922.0000 12613.6579
14080.8000 12918.0000 12612.6948
14078.4000 12914.0000 12611.7411
14076.0000 12910.0000 12610.7963
14073.6000 12906.0000 12609.8609
14071.2000 12902.0000 12608.9341
14068.8000 12898.0000 12608.0280
14066.4000 12894.0000 12607.1317
14135.3067 12894.0000 12793.5696
14137.5467 12898.0000 12793.5696
14139.7867 12902.0000 12793.5696
14142.0267 12906.0000 12793.5696
14144.2667 12910.0000 12793.5696
14146.5067 12914.0000 12793.5696
14148.7467 12918.0000 12793.5696
14150.9867 12922.0000 12793.5696
14153.2267 12926.0000 12793.5696
14155.4667 12930.0000 12793.5696
14157.7067 12934.0000 12793.5696
14159.9467 12938.0000 12793.5696
14162.1867 12942.0000 12793.5696
14164.4267 12946.0000 12793.5696
14043.9467 12880.6667 12744.7778
14044.2933 12881.3333 12745.0877
14044.6400 12882.0000 12745.3975
14044.9867 12882.6667 12745.7072
14045.3333 12883.3333 12746.0170
14045.6800 12884.0000 12746.3269
14046.0267 12884.6667 12746.6368
14046.3733 12885.3333 12746.9468
14046.7200 12886.0000 12747.2569
14047.0667 12886.6667 12747.5671
14047.4133 12887.3333 12747.8776
14047.7600 12888.0000 12748.1883
14048.1067 12888.6667 12748.4990
14048.4533 12889.3333 12748.8096
14029.4933 12880.6667 12734.9449
14029.7867 12881.3333 12735.2230
14030.0800 12882.0000 12735.5025
14030.3733 12882.6667 12735.7829
14030.6667 12883.3333 12736.0637
14030.9600 12884.0000 12736.3446
14031.2533 12884.6667 12736.6255
14031.5467 12885.3333 12736.9062
14031.8400 12886.0000 12737.1869
14032.1333 12886.6667 12737.4675
14032.4267 12887.3333 12737.7483
14032.7200 12888.0000 12738.0296
14033.0133 12888.6667 12738.3117
14033.3067 12889.3333 12738.5938
14015.0400 12880.6667 12726.5572
14015.2800 12881.3333 12726.8169
14015.5200 12882.0000 12727.0796
14015.7600 12882.6667 12727.3448
14016.0000 12883.3333 12727.6109
14016.2400 12884.0000 12727.8775
14016.4800 12884.6667 12728.1441
14016.7200 12885.3333 12728.4102
14016.9600 12886.0000 12728.6756
14017.2000 12886.6667 12728.9408
14017.4400 12887.3333 12729.2062
14017.6800 12888.0000 12729.4725
14017.9200 12888.6667 12729.7397
14018.1600 12889.3333 12730.0069
14000.5867 12880.6667 12719.9891
14000.7733 12881.3333 12720.2213
14000.9600 12882.0000 12720.4569
14001.1467 12882.6667 12720.6951
14001.3333 12883.3333 12720.9355
14001.5200 12884.0000 12721.1775
14001.7067 12884.6667 12721.4196
14001.8933 12885.3333 12721.6601
14002.0800 12886.0000 12721.8999
14002.2667 12886.6667 12722.1395
14002.4533 12887.3333 12722.3791
14002.6400 12888.0000 12722.6187
14002.8267 12888.6667 12722.8589
14003.0133 12889.3333 12723.0991
13986.1333 12880.6667 12715.3299
13986.2667 12881.3333 12715.5415
13986.4000 12882.0000 12715.7579
13986.5333 12882.6667 12715.9782
13986.6667 12883.3333 12716.2003
13986.8000 12884.0000 12716.4234
13986.9333 12884.6667 12716.6466
13987.0667 12885.3333 12716.8690
13987.2000 12886.0000 12717.0905
13987.3333 12886.6667 12717.3115
13987.4667 12887.3333 12717.5321
13987.6000 12888.0000 12717.7530
13987.7333 12888.6667 12717.9747
13987.8667 12889.3333 12718.1963
13971.6800 12880.6667 12712.3806
13971.7600 12881.3333 12712.5791
13971.8400 12882.0000 12712.7821
13971.9200 12882.6667 12712.9895
13972.0000 12883.3333 12713.1976
13972.0800 12884.0000 12713.4053
13972.1600 12884.6667 12713.6142
13972.2400 12885.3333 12713.8237
13972.3200 12886.0000 12714.0340
13972.4000 12886.6667 12714.2458
13972.4800 12887.3333 12714.4562
13972.5600 12888.0000 12714.6672
13972.6400 12888.6667 12714.8783
13972.7200 12889.3333 12715.0889
13957.2267 12880.6667 12711.0321
13957.2533 12881.3333 12711.2210
13957.2800 12882.0000 12711.4123
13957.3067 12882.6667 12711.6073
13957.3333 12883.3333 12711.8076
13957.3600 12884.0000 12712.0122
13957.3867 12884.6667 12712.2147
13957.4133 12885.3333 12712.4196
13957.4400 12886.0000 12712.6268
13957.4667 12886.6667 12712.8361
13957.4933 12887.3333 12713.0475
13957.5200 12888.0000 12713.2607
13957.5467 12888.6667 12713.4757
13957.5733 12889.3333 12713.6907
13942.7733 12880.6667 12711.2276
13942.7467 12881.3333 12711.4168
13942.7200 12882.0000 12711.6082
13942.6933 12882.6667 12711.8034
13942.6667 12883.3333 12712.0020
13942.6400 12884.0000 12712.2043
13942.6133 12884.6667 12712.4100
13942.5867 12885.3333 12712.6199
13942.5600 12886.0000 12712.8271
13942.5333 12886.6667 12713.0341
13942.5067 12887.3333 12713.2431
13942.4800 12888.0000 12713.4539
13942.4533 12888.6667 12713.6664
13942.4267 12889.3333 12713.8805
13928.3200 12880.6667 12712.9736
13928.2400 12881.3333 12713.1723
13928.1600 12882.0000 12713.3763
13928.0800 12882.6667 12713.5846
13928.0000 12883.3333 12713.7946
13927.9200 12884.0000 12714.0056
13927.8400 12884.6667 12714.2181
13927.7600 12885.3333 12714.4286
13927.6800 12886.0000 12714.6379
13927.6000 12886.6667 12714.8469
13927.5200 12887.3333 12715.0559
13927.4400 12888.0000 12715.2652
13927.3600 12888.6667 12715.4749
13927.2800 12889.3333 12715.6846
13913.8667 12880.6667 12716.3440
13913.7333 12881.3333 12716.5564
13913.6000 12882.0000 12716.7730
13913.4667 12882.6667 12716.9930
13913.3333 12883.3333 12717.2149
13913.2000 12884.0000 12717.4380
13913.0667 12884.6667 12717.6616
13912.9333 12885.3333 12717.8841
13912.8000 12886.0000 12718.1059
13912.6667 12886.6667 12718.3272
13912.5333 12887.3333 12718.5480
13912.4000 12888.0000 12718.7692
13912.2667 12888.6667 12718.9910
13912.1333 12889.3333 12719.2127
13899.4133 12880.6667 12721.4640
13899.2267 12881.3333 12721.6961
13899.0400 12882.0000 12721.9322
13898.8533 12882.6667 12722.1709
13898.6667 12883.3333 12722.4114
13898.4800 12884.0000 12722.6536
13898.2933 12884.6667 12722.8958
13898.1067 12885.3333 12723.1366
13897.9200 12886.0000 12723.3767
13897.7333 12886.6667 12723.6165
13897.5467 12887.3333 12723.8564
13897.3600 12888.0000 12724.0964
13897.1733 12888.6667 12724.3368
13896.9867 12889.3333 12724.5774
13884.9600 12880.6667 12728.5577
13884.7200 12881.3333 12728.8194
13884.4800 12882.0000 12729.0845
13884.2400 12882.6667 12729.3517
13884.0000 12883.3333 12729.6209
13883.7600 12884.0000 12729.8916
13883.5200 12884.6667 12730.1608
13883.2800 12885.3333 12730.4281
13883.0400 12886.0000 12730.6961
13882.8000 12886.6667 12730.9643
13882.5600 12887.3333 12731.2302
13882.3200 12888.0000 12731.4927
13882.0800 12888.6667 12731.7550
13881.8400 12889.3333 12732.0163
13870.5067 12880.6667 12737.2785
13870.2133 12881.3333 12737.5578
13869.9200 12882.0000 12737.8396
13869.6267 12882.6667 12738.1228
13869.3333 12883.3333 12738.4070
13869.0400 12884.0000 12738.6920
13868.7467 12884.6667 12738.9764
13868.4533 12885.3333 12739.2590
13868.1600 12886.0000 12739.5401
13867.8667 12886.6667 12739.8198
13867.5733 12887.3333 12740.0981
13867.2800 12888.0000 12740.3752
13866.9867 12888.6667 12740.6510
13866.6933 12889.3333 12740.9255
13856.0533 12880.6667 12747.5461
13855.7067 12881.3333 12747.8578
13855.3600 12882.0000 12748.1713
13855.0133 12882.6667 12748.4860
13854.6667 12883.3333 12748.8013
13854.3200 12884.0000 12749.1166
13853.9733 12884.6667 12749.4306
13853.6267 12885.3333 12749.7416
13853.2800 12886.0000 12750.0504
13852.9333 12886.6667 12750.3572
13852.5867 12887.3333 12750.6618
13852.2400 12888.0000 12750.9648
13851.8933 12888.6667 12751.2665
13851.5467 12889.3333 12751.5668
14004.7733 12805.3333 12586.7108
14007.5467 12810.6667 12587.3030
14010.3200 12816.0000 12588.0177
14013.0933 12821.3333 12588.7805
14015.8667 12826.6667 12589.6549
14018.6400 12832.0000 12590.5743
14021.4133 12837.3333 12591.5644
14024.1867 12842.6667 12592.6142
14026.9600 12848.0000 12593.6044
14029.7333 12853.3333 12594.5801
14032.5067 12858.6667 12595.5664
14035.2800 12864.0000 12596.5693
14038.0533 12869.3333 12597.5766
14040.8267 12874.6667 12598.5843
13996.3467 12805.3333 12585.1886
13998.6933 12810.6667 12585.5714
14001.0400 12816.0000 12586.0704
14003.3867 12821.3333 12586.5943
14005.7333 12826.6667 12587.2333
14008.0800 12832.0000 12587.8943
14010.4267 12837.3333 12588.6383
14012.7733 12842.6667 12589.4153
14015.1200 12848.0000 12590.2387
14017.4667 12853.3333 12591.1059
14019.8133 12858.6667 12591.9850
14022.1600 12864.0000 12592.9219
14024.5067 12869.3333 12593.8203
14026.8533 12874.6667 12594.7072
13987.9200 12805.3333 12583.9670
13989.8400 12810.6667 12584.1864
13991.7600 12816.0000 12584.5222
13993.6800 12821.3333 12584.8657
13995.6000 12826.6667 12585.3280
13997.5200 12832.0000 12585.7992
13999.4400 12837.3333 12586.3596
14001.3600 12842.6667 12586.9486
14003.2800 12848.0000 12587.5868
14005.2000 12853.3333 12588.2791
14007.1200 12858.6667 12588.9838
14009.0400 12864.0000 12589.7583
14010.9600 12869.3333 12590.5267
14012.8800 12874.6667 12591.3624
13979.4933 12805.3333 12583.0230
13980.9867 12810.6667 12583.1216
13982.4800 12816.0000 12583.3330
13983.9733 12821.3333 12583.5425
13985.4667 12826.6667 12583.8749
13986.9600 12832.0000 12584.2070
13988.4533 12837.3333 12584.6339
13989.9467 12842.6667 12585.0874
13991.4400 12848.0000 12585.5925
13992.9333 12853.3333 12586.1580
13994.4267 12858.6667 12586.7358
13995.9200 12864.0000 12587.3996
13997.4133 12869.3333 12588.0535
13998.9067 12874.6667 12588.7946
13971.0667 12805.3333 12582.3403
13972.1333 12810.6667 12582.3506
13973.2000 12816.0000 12582.4755
13974.2667 12821.3333 12582.5909
13975.3333 12826.6667 12582.8310
13976.4000 12832.0000 12583.0661
13977.4667 12837.3333 12583.3991
13978.5333 12842.6667 12583.7575
13979.6000 12848.0000 12584.1691
13980.6667 12853.3333 12584.6482
13981.7333 12858.6667 12585.1370
13982.8000 12864.0000 12585.7240
13983.8667 12869.3333 12586.2980
13984.9333 12874.6667 12586.9727
13962.6400 12805.3333 12581.9077
13963.2800 12810.6667 12581.8630
13963.9200 12816.0000 12581.9322
13964.5600 12821.3333 12581.9876
13965.2000 12826.6667 12582.1697
13965.8400 12832.0000 12582.3430
13966.4800 12837.3333 12582.6175
13967.1200 12842.6667 12582.9151
13967.7600 12848.0000 12583.2692
13968.4000 12853.3333 12583.6931
13969.0400 12858.6667 12584.1276
13969.6800 12864.0000 12584.6641
13970.3200 12869.3333 12585.1876
13970.9600 12874.6667 12585.8192
13954.2133 12805.3333 12581.7191
13954.4267 12810.6667 12581.6486
13954.6400 12816.0000 12581.6928
13954.8533 12821.3333 12581.7201
13955.0667 12826.6667 12581.8752
13955.2800 12832.0000 12582.0182
13955.4933 12837.3333 12582.2666
13955.7067 12842.6667 12582.5364
13955.9200 12848.0000 12582.8633
13956.1333 12853.3333 12583.2603
13956.3467 12858.6667 12583.6667
13956.5600 12864.0000 12584.1814
13956.7733 12869.3333 12584.6810
13956.9867 12874.6667 12585.2911
13945.7867 12805.3333 12581.7715
13945.5733 12810.6667 12581.7067
13945.3600 12816.0000 12581.7515
13945.1467 12821.3333 12581.7825
13944.9333 12826.6667 12581.9403
13944.7200 12832.0000 12582.0861
13944.5067 12837.3333 12582.3364
13944.2933 12842.6667 12582.6084
13944.0800 12848.0000 12582.9381
13943.8667 12853.3333 12583.3362
13943.6533 12858.6667 12583.7441
13943.4400 12864.0000 12584.2596
13943.2267 12869.3333 12584.7600
13943.0133 12874.6667 12585.3707
13937.3600 12805.3333 12582.0656
13936.7200 12810.6667 12582.0318
13936.0800 12816.0000 12582.1104
13935.4400 12821.3333 12582.1757
13934.8000 12826.6667 12582.3663
13934.1600 12832.0000 12582.5482
13933.5200 12837.3333 12582.8299
13932.8800 12842.6667 12583.1340
13932.2400 12848.0000 12583.4942
13931.6000 12853.3333 12583.9227
13930.9600 12858.6667 12584.3616
13930.3200 12864.0000 12584.9006
13929.6800 12869.3333 12585.4274
13929.0400 12874.6667 12586.0599
13928.9333 12805.3333 12582.6061
13927.8667 12810.6667 12582.6341
13926.8000 12816.0000 12582.7760
13925.7333 12821.3333 12582.9087
13924.6667 12826.6667 12583.1634
13923.6000 12832.0000 12583.4137
13922.5333 12837.3333 12583.7593
13921.4667 12842.6667 12584.1298
13920.4000 12848.0000 12584.5518
13919.3333 12853.3333 12585.0394
13918.2667 12858.6667 12585.5358
13917.2000 12864.0000 12586.1281
13916.1333 12869.3333 12586.7072
13915.0667 12874.6667 12587.3839
13920.5067 12805.3333 12583.4010
13919.0133 12810.6667 12583.5261
13917.5200 12816.0000 12583.7618
13916.0267 12821.3333 12583.9973
13914.5333 12826.6667 12584.3516
13913.0400 12832.0000 12584.7069
13911.5467 12837.3333 12585.1530
13910.0533 12842.6667 12585.6249
13908.5600 12848.0000 12586.1464
13907.0667 12853.3333 12586.7249
13905.5733 12858.6667 12587.3147
13904.0800 12864.0000 12587.9862
13902.5867 12869.3333 12588.6482
13901.0933 12874.6667 12589.3924
13912.0800 12805.3333 12584.4636
13910.1600 12810.6667 12584.7196
13908.2400 12816.0000 12585.0891
13906.3200 12821.3333 12585.4685
13904.4000 12826.6667 12585.9626
13902.4800 12832.0000 12586.4666
13900.5600 12837.3333 12587.0550
13898.6400 12842.6667 12587.6707
13896.7200 12848.0000 12588.3325
13894.8000 12853.3333 12589.0446
13892.8800 12858.6667 12589.7679
13890.9600 12864.0000 12590.5534
13889.0400 12869.3333 12591.3337
13887.1200 12874.6667 12592.1746
13903.6533 12805.3333 12585.8128
13901.3067 12810.6667 12586.2448
13898.9600 12816.0000 12586.7891
13896.6133 12821.3333 12587.3628
13894.2667 12826.6667 12588.0456
13891.9200 12832.0000 12588.7533
13889.5733 12837.3333 12589.5373
13887.2267 12842.6667 12590.3548
13884.8800 12848.0000 12591.2124
13882.5333 12853.3333 12592.1064
13880.1867 12858.6667 12593.0246
13877.8400 12864.0000 12593.9088
13875.4933 12869.3333 12594.7660
13873.1467 12874.6667 12595.6602
13895.2267 12805.3333 12587.4756
13892.4533 12810.6667 12588.1312
13889.6800 12816.0000 12588.9096
13886.9067 12821.3333 12589.7404
13884.1333 12826.6667 12590.6779
13881.3600 12832.0000 12591.6603
13878.5867 12837.3333 12592.7232
13875.8133 12842.6667 12593.6926
13873.0400 12848.0000 12594.6805
13870.2667 12853.3333 12595.6840
13867.4933 12858.6667 12596.6867
13864.7200 12864.0000 12597.6969
13861.9467 12869.3333 12598.7110
13859.1733 12874.6667 12599.7173
13814.3467 12805.3333 12604.5719
13811.3600 12810.6667 12607.8467
13808.3733 12816.0000 12611.1605
13805.3867 12821.3333 12611.1605
13802.4000 12826.6667 12612.9702
13799.4133 12832.0000 12612.9702
13796.4267 12837.3333 12615.0749
13793.4400 12842.6667 12617.7846
13790.4533 12848.0000 12617.7846
13787.4667 12853.3333 12619.5238
13784.4800 12858.6667 12620.4172
13781.4933 12864.0000 12620.4172
13778.5067 12869.3333 12620.4172
13775.5200 12874.6667 12620.2335
13741.8933 12805.3333 12617.7846
13739.1200 12810.6667 12617.7846
13736.3467 12816.0000 12617.7846
13733.5733 12821.3333 12620.4172
13730.8000 12826.6667 12620.4172
13728.0267 12832.0000 12620.4172
13725.2533 12837.3333 12620.4172
13722.4800 12842.6667 12620.4172
13719.7067 12848.0000 12620.4172
13716.9333 12853.3333 12620.4172
13714.1600 12858.6667 12620.4172
13711.3867 12864.0000 12620.6470
13708.6133 12869.3333 12620.6470
13705.8400 12874.6667 12620.6470
13772.1600 12880.6667 12620.6470
13771.7867 12881.3333 12620.6470
13771.4133 12882.0000 12620.6470
13771.0400 12882.6667 12620.6470
13770.6667 12883.3333 12620.6470
13770.2933 12884.0000 12620.6470
13769.9200 12884.6667 12620.6470
13769.5467 12885.3333 12620.6470
13769.1733 12886.0000 12620.6470
13768.8000 12886.6667 12620.6470
13768.4267 12887.3333 12620.6470
13768.0533 12888.0000 12620.6470
13767.6800 12888.6667 12620.6470
13767.3067 12889.3333 12620.6470
13702.7200 12880.6667 12620.6470
13702.3733 12881.3333 12620.6470
13702.0267 12882.0000 12620.6470
13701.6800 12882.6667 12620.6470
13701.3333 12883.3333 12620.6470
13700.9867 12884.0000 12620.6470
13700.6400 12884.6667 12620.6470
13700.2933 12885.3333 12620.6470
13699.9467 12886.0000 12620.6470
13764.6933 12894.0000 12620.6470
13762.4533 12898.0000 12620.6470
13760.2133 12902.0000 12620.6470
13757.9733 12906.0000 12620.6470
13755.7333 12910.0000 12620.6470
13753.4933 12914.0000 12620.6470
13751.2533 12918.0000 12620.6470
13749.0133 12922.0000 12620.6470
13746.7733 12926.0000 12620.6470
13744.5333 12930.0000 12620.6470
13742.2933 12934.0000 12620.6470
13740.0533 12938.0000 12620.6470
13737.8133 12942.0000 12620.6470
13735.5733 12946.0000 12620.6470
14158.1067 12805.3333 12620.5264
14160.8800 12810.6667 12620.5264
14163.6533 12816.0000 12620.5264
14166.4267 12821.3333 12620.5264
14169.2000 12826.6667 12620.5264
14171.9733 12832.0000 12620.5264
14174.7467 12837.3333 12620.5264
14177.5200 12842.6667 12620.5264
14180.2933 12848.0000 12620.5264
14183.0667 12853.3333 12620.5264
14185.8400 12858.6667 12620.5264
14188.6133 12864.0000 12620.4164
14191.3867 12869.3333 12620.0449
14194.1600 12874.6667 12619.7585
14085.6533 12805.3333 12605.7905
14088.6400 12810.6667 12605.7905
14091.6267 12816.0000 12608.9992
14094.6133 12821.3333 12610.8741
14097.6000 12826.6667 12612.5791
14100.5867 12832.0000 12612.5791
14103.5733 12837.3333 12614.8134
14106.5600 12842.6667 12614.8134
14109.5467 12848.0000 12620.5264
14112.5333 12853.3333 12620.5264
14115.5200 12858.6667 12620.5264
14118.5067 12864.0000 12620.5264
14121.4933 12869.3333 12620.5264
14124.4800 12874.6667 12620.2323
14197.2800 12880.6667 12619.6024
14197.6267 12881.3333 12619.6024
14197.9733 12882.0000 12619.6024
14198.3200 12882.6667 12619.6024
14198.6667 12883.3333 12619.6024
14199.0133 12884.0000 12619.6024
14199.3600 12884.6667 12619.6024
14199.7067 12885.3333 12619.6024
14200.0533 12886.0000 12619.6024
14127.8400 12880.6667 12619.9064
14128.2133 12881.3333 12619.9064
14128.5867 12882.0000 12619.9064
14128.9600 12882.6667 12619.7585
14129.3333 12883.3333 12619.7585
14129.7067 12884.0000 12619.7585
14130.0800 12884.6667 12619.7585
14130.4533 12885.3333 12619.6024
14130.8267 12886.0000 12619.6024
14131.2000 12886.6667 12619.6024
14131.5733 12887.3333 12619.6024
14131.9467 12888.0000 12619.6024
14132.3200 12888.6667 12619.6024
14132.6933 12889.3333 12619.6024
14135.3067 12894.0000 12619.6024
14137.5467 12898.0000 12619.6024
14139.7867 12902.0000 12619.6024
14142.0267 12906.0000 12619.6024
14144.2667 12910.0000 12619.6024
14146.5067 12914.0000 12619.6024
14148.7467 12918.0000 12619.6024
14150.9867 12922.0000 12619.6024
14153.2267 12926.0000 12619.6024
14155.4667 12930.0000 12619.6024
14157.7067 12934.0000 12619.6024
14159.9467 12938.0000 12619.6024
14162.1867 12942.0000 12619.6024
14164.4267 12946.0000 12619.6024
13890.0000 12800.0000 12780.4248
14010.0000 12800.0000 12777.9147
13842.0000 12880.0000 12801.5581
13836.0000 12890.0000 12806.0334
13800.0000 12950.0000 12830.8296
14058.0000 12880.0000 12798.3181
14064.0000 12890.0000 12802.7484
14100.0000 12950.0000 12830.7646
13817.3333 12800.0000 12808.4992
13744.6667 12800.0000 12837.9842
14002.0000 12800.0000 12772.9197
13994.0000 12800.0000 12768.8582
13986.0000 12800.0000 12765.6235
13978.0000 12800.0000 12763.1367
13970.0000 12800.0000 12761.3413
13962.0000 12800.0000 12760.2081
13954.0000 12800.0000 12759.7127
13946.0000 12800.0000 12759.8484
13938.0000 12800.0000 12760.6186
13930.0000 12800.0000 12762.0331
13922.0000 12800.0000 12764.1223
13914.0000 12800.0000 12766.9255
13906.0000 12800.0000 12770.5045
13898.0000 12800.0000 12774.9588
14155.3333 12800.0000 12846.6202
14082.6667 12800.0000 12808.1082
13886.8000 12805.3333 12779.8608
13883.6000 12810.6667 12779.6176
13880.4000 12816.0000 12779.9316
13877.2000 12821.3333 12780.6211
13874.0000 12826.6667 12781.7053
13870.8000 12832.0000 12783.0775
13867.6000 12837.3333 12784.6770
13864.4000 12842.6667 12786.4667
13861.2000 12848.0000 12788.3989
13858.0000 12853.3333 12790.4503
13854.8000 12858.6667 12792.5808
13851.6000 12864.0000 12794.7784
13848.4000 12869.3333 12797.0044
13845.2000 12874.6667 12799.2735
13772.5333 12880.0000 12830.1286
13703.0667 12880.0000 12829.8666
13841.6000 12880.6667 12801.8548
13841.2000 12881.3333 12802.1575
13840.8000 12882.0000 12802.4664
13840.4000 12882.6667 12802.7748
13840.0000 12883.3333 12803.0824
13839.6000 12884.0000 12803.3881
13839.2000 12884.6667 12803.6902
13838.8000 12885.3333 12803.9892
13838.4000 12886.0000 12804.2852
13838.0000 12886.6667 12804.5803
13837.6000 12887.3333 12804.8748
13837.2000 12888.0000 12805.1682
13836.8000 12888.6667 12805.4585
13836.4000 12889.3333 12805.7473
13766.9333 12890.0000 12829.6178
13833.6000 12894.0000 12808.4581
13831.2000 12898.0000 12810.7142
13828.8000 12902.0000 12812.9962
13826.4000 12906.0000 12815.3058
13824.0000 12910.0000 12817.6422
13821.6000 12914.0000 12820.0193
13819.2000 12918.0000 12822.4247
13816.8000 12922.0000 12824.8624
13814.4000 12926.0000 12827.3364
13812.0000 12930.0000 12829.8510
13809.6000 12934.0000 12829.9664
13807.2000 12938.0000 12830.1153
13804.8000 12942.0000 12830.3040
13802.4000 12946.0000 12830.5395
13733.3333 12950.0000 12831.5086
14196.9333 12880.0000 12829.8016
14127.4667 12880.0000 12830.1136
14054.8000 12874.6667 12796.0056
14051.6000 12869.3333 12793.7137
14048.4000 12864.0000 12791.4798
14045.2000 12858.6667 12789.2926
14042.0000 12853.3333 12787.1856
14038.8000 12848.0000 12785.1711
14035.6000 12842.6667 12783.2887
14032.4000 12837.3333 12781.5636
14029.2000 12832.0000 12780.0319
14026.0000 12826.6667 12778.7792
14022.8000 12821.3333 12777.7996
14019.6000 12816.0000 12777.2367
14016.4000 12810.6667 12777.0689
14013.2000 12805.3333 12777.1920
14133.0667 12890.0000 12829.5528
14063.6000 12889.3333 12802.4773
14063.2000 12888.6667 12802.1984
14062.8000 12888.0000 12801.9137
14062.4000 12887.3333 12801.6252
14062.0000 12886.6667 12801.3339
14061.6000 12886.0000 12801.0407
14061.2000 12885.3333 12800.7440
14060.8000 12884.6667 12800.4454
14060.4000 12884.0000 12800.1444
14060.0000 12883.3333 12799.8394
14059.6000 12882.6667 12799.5309
14059.2000 12882.0000 12799.2230
14058.8000 12881.3333 12798.9187
14058.4000 12880.6667 12798.6153
14166.6667 12950.0000 12831.4436
14097.6000 12946.0000 12830.4745
14095.2000 12942.0000 12830.2390
14092.8000 12938.0000 12830.0503
14090.4000 12934.0000 12829.9014
14088.0000 12930.0000 12827.3630
14085.6000 12926.0000 12824.8674
14083.2000 12922.0000 12822.4104
14080.8000 12918.0000 12817.6257
14078.4000 12914.0000 12815.2733
14076.0000 12910.0000 12812.9522
14073.6000 12906.0000 12810.6598
14071.2000 12902.0000 12808.3942
14068.8000 12898.0000 12806.1542
14066.4000 12894.0000 12803.9391
14043.6000 12880.0000 12786.1751
14029.2000 12880.0000 12775.7708
14014.8000 12880.0000 12766.9928
14000.4000 12880.0000 12759.8770
13986.0000 12880.0000 12754.8639
13971.6000 12880.0000 12751.6995
13957.2000 12880.0000 12750.2563
13942.8000 12880.0000 12750.4577
13928.4000 12880.0000 12752.3131
13914.0000 12880.0000 12755.9132
13899.6000 12880.0000 12761.4138
13885.2000 12880.0000 12769.0851
13870.8000 12880.0000 12778.1520
13856.4000 12880.0000 12788.9877
13851.2000 12890.0000 12793.0208
13866.4000 12890.0000 12781.8251
13881.6000 12890.0000 12772.4293
13896.8000 12890.0000 12764.6045
13912.0000 12890.0000 12758.8689
13927.2000 12890.0000 12755.1157
13942.4000 12890.0000 12753.1882
13957.6000 12890.0000 12752.9891
13972.8000 12890.0000 12754.5062
13988.0000 12890.0000 12757.8284
14003.2000 12890.0000 12763.0819
14018.4000 12890.0000 12770.5045
14033.6000 12890.0000 12779.4768
14048.8000 12890.0000 12790.2577
13890.0000 12800.0000 12978.6916
14010.0000 12800.0000 12977.6689
13842.0000 12880.0000 12987.3015
13836.0000 12890.0000 12989.1247
13800.0000 12950.0000 12999.2269
14058.0000 12880.0000 12985.9814
14064.0000 12890.0000 12987.7864
14100.0000 12950.0000 12999.2004
13814.3467 12805.3333 12815.7163
13811.3600 12810.6667 12818.0767
13808.3733 12816.0000 12821.1139
13805.3867 12821.3333 12819.8303
13802.4000 12826.6667 12818.7564
13799.4133 12832.0000 12826.6028
13796.4267 12837.3333 12825.8709
13793.4400 12842.6667 12825.2753
13790.4533 12848.0000 12833.4315
13787.4667 12853.3333 12833.0491
13784.4800 12858.6667 12832.7475
13781.4933 12864.0000 12832.5124
13778.5067 12869.3333 12831.7504
13775.5200 12874.6667 12831.0389
13741.8933 12805.3333 12844.2794
13739.1200 12810.6667 12842.2476
13736.3467 12816.0000 12840.4931
13733.5733 12821.3333 12838.9861
13730.8000 12826.6667 12837.6987
13728.0267 12832.0000 12836.6052
13725.2533 12837.3333 12835.6818
13722.4800 12842.6667 12834.9068
13719.7067 12848.0000 12834.2602
13716.9333 12853.3333 12833.7243
13714.1600 12858.6667 12832.7023
13711.3867 12864.0000 12831.7684
13708.6133 12869.3333 12831.0699
13705.8400 12874.6667 12830.0459
13772.1600 12880.6667 12830.1179
13771.7867 12881.3333 12830.1077
13771.4133 12882.0000 12830.0979
13771.0400 12882.6667 12830.0885
13770.6667 12883.3333 12829.6866
13770.2933 12884.0000 12829.6780
13769.9200 12884.6667 12829.6698
13769.5467 12885.3333 12829.6621
13769.1733 12886.0000 12829.6546
13768.8000 12886.6667 12829.6476
13768.4267 12887.3333 12829.6409
13768.0533 12888.0000 12829.6346
13767.6800 12888.6667 12829.6287
13767.3067 12889.3333 12829.6231
13702.7200 12880.6667 12829.8475
13702.3733 12881.3333 12829.8291
13702.0267 12882.0000 12829.8115
13701.6800 12882.6667 12829.7945
13701.3333 12883.3333 12829.7782
13700.9867 12884.0000 12829.7625
13700.6400 12884.6667 12829.7476
13700.2933 12885.3333 12829.7333
13699.9467 12886.0000 12829.7196
13764.6933 12894.0000 12829.5935
13762.4533 12898.0000 12829.5812
13760.2133 12902.0000 12829.5812
13757.9733 12906.0000 12829.5945
13755.7333 12910.0000 12829.6225
13753.4933 12914.0000 12829.6675
13751.2533 12918.0000 12829.7323
13749.0133 12922.0000 12829.8203
13746.7733 12926.0000 12829.9355
13744.5333 12930.0000 12830.0828
13742.2933 12934.0000 12830.2674
13740.0533 12938.0000 12830.4953
13737.8133 12942.0000 12830.7732
13735.5733 12946.0000 12831.1084
14158.1067 12805.3333 12844.2794
14160.8800 12810.6667 12842.2476
14163.6533 12816.0000 12840.4931
14166.4267 12821.3333 12838.9861
14169.2000 12826.6667 12837.6987
14171.9733 12832.0000 12836.6052
14174.7467 12837.3333 12835.6818
14177.5200 12842.6667 12834.9068
14180.2933 12848.0000 12834.2602
14183.0667 12853.3333 12833.7243
14185.8400 12858.6667 12833.2833
14188.6133 12864.0000 12831.7684
14191.3867 12869.3333 12831.0769
14194.1600 12874.6667 12829.9809
14085.6533 12805.3333 12810.4343
14088.6400 12810.6667 12813.1527
14091.6267 12816.0000 12816.1579
14094.6133 12821.3333 12818.9943
14097.6000 12826.6667 12817.9204
14100.5867 12832.0000 12817.0298
14103.5733 12837.3333 12820.8169
14106.5600 12842.6667 12833.9113
14109.5467 12848.0000 12833.4315
14112.5333 12853.3333 12833.0491
14115.5200 12858.6667 12832.7475
14118.5067 12864.0000 12832.5124
14121.4933 12869.3333 12831.7504
14124.4800 12874.6667 12831.0389
14197.2800 12880.6667 12829.7825
14197.6267 12881.3333 12829.7641
14197.9733 12882.0000 12829.7465
14198.3200 12882.6667 12829.7295
14198.6667 12883.3333 12829.7132
14199.0133 12884.0000 12829.6975
14199.3600 12884.6667 12829.6826
14199.7067 12885.3333 12829.6683
14200.0533 12886.0000 12829.6546
14127.8400 12880.6667 12830.1029
14128.2133 12881.3333 12830.0927
14128.5867 12882.0000 12830.0829
14128.9600 12882.6667 12829.6305
14129.3333 12883.3333 12829.6216
14129.7067 12884.0000 12829.6130
14130.0800 12884.6667 12829.6048
14130.4533 12885.3333 12829.5971
14130.8267 12886.0000 12829.5896
14131.2000 12886.6667 12829.5826
14131.5733 12887.3333 12829.5759
14131.9467 12888.0000 12829.5696
14132.3200 12888.6667 12829.5637
14132.6933 12889.3333 12829.5581
14135.3067 12894.0000 12829.5285
14137.5467 12898.0000 12829.5162
14139.7867 12902.0000 12829.5162
14142.0267 12906.0000 12829.5295
14144.2667 12910.0000 12829.5575
14146.5067 12914.0000 12829.6025
14148.7467 12918.0000 12829.6673
14150.9867 12922.0000 12829.7553
14153.2267 12926.0000 12829.8705
14155.4667 12930.0000 12830.0178
14157.7067 12934.0000 12830.2024
14159.9467 12938.0000 12830.4303
14162.1867 12942.0000 12830.7082
14164.4267 12946.0000 12831.0434
14004.7733 12805.3333 12771.4496
14007.5467 12810.6667 12770.5401
14010.3200 12816.0000 12770.2318
14013.0933 12821.3333 12770.3015
14015.8667 12826.6667 12770.9614
14018.6400 12832.0000 12771.6893
14021.4133 12837.3333 12772.6664
14024.1867 12842.6667 12773.8289
14026.9600 12848.0000 12775.2152
14029.7333 12853.3333 12776.7520
14032.5067 12858.6667 12778.4279
14035.2800 12864.0000 12780.2341
14038.0533 12869.3333 12782.1287
14040.8267 12874.6667 12784.1115
13996.3467 12805.3333 12766.8232
13998.6933 12810.6667 12765.3055
14001.0400 12816.0000 12764.3627
14003.3867 12821.3333 12763.7491
14005.7333 12826.6667 12763.7065
14008.0800 12832.0000 12763.8720
14010.4267 12837.3333 12764.5241
14012.7733 12842.6667 12765.3311
14015.1200 12848.0000 12766.4840
14017.4667 12853.3333 12767.8148
14019.8133 12858.6667 12769.1518
14022.1600 12864.0000 12770.6354
14024.5067 12869.3333 12772.2003
14026.8533 12874.6667 12773.9602
13987.9200 12805.3333 12763.1563
13989.8400 12810.6667 12761.1838
13991.7600 12816.0000 12759.7749
13993.6800 12821.3333 12758.6568
13995.6000 12826.6667 12758.1327
13997.5200 12832.0000 12757.7767
13999.4400 12837.3333 12757.9452
14001.3600 12842.6667 12758.2530
14003.2800 12848.0000 12758.9417
14005.2000 12853.3333 12759.8184
14007.1200 12858.6667 12760.8887
14009.0400 12864.0000 12762.2296
14010.9600 12869.3333 12763.6211
14012.8800 12874.6667 12765.3107
13979.4933 12805.3333 12760.3490
13980.9867 12810.6667 12758.0396
13982.4800 12816.0000 12756.2893
13983.9733 12821.3333 12754.8101
13985.4667 12826.6667 12753.9363
13986.9600 12832.0000 12753.2103
13988.4533 12837.3333 12753.0364
13989.9467 12842.6667 12752.9992
13991.4400 12848.0000 12753.3558
13992.9333 12853.3333 12753.9205
13994.4267 12858.6667 12754.6974
13995.9200 12864.0000 12755.7787
13997.4133 12869.3333 12756.9122
13998.9067 12874.6667 12758.4038
13971.0667 12805.3333 12758.3302
13972.1333 12810.6667 12755.7877
13973.2000 12816.0000 12753.7926
13974.2667 12821.3333 12752.0618
13975.3333 12826.6667 12750.9466
13976.4000 12832.0000 12749.9645
13977.4667 12837.3333 12749.5561
13978.5333 12842.6667 12749.2740
13979.6000 12848.0000 12749.4104
13980.6667 12853.3333 12749.7581
13981.7333 12858.6667 12750.3364
13982.8000 12864.0000 12751.2370
13983.8667 12869.3333 12752.1905
13984.9333 12874.6667 12753.5385
13962.6400 12805.3333 12757.0510
13963.2800 12810.6667 12754.3610
13963.9200 12816.0000 12752.2153
13964.5600 12821.3333 12750.3263
13965.2000 12826.6667 12749.0600
13965.8400 12832.0000 12747.9172
13966.4800 12837.3333 12747.3631
13967.1200 12842.6667 12746.9277
13967.7600 12848.0000 12746.9266
13968.4000 12853.3333 12747.1382
13969.0400 12858.6667 12747.5856
13969.6800 12864.0000 12748.3748
13970.3200 12869.3333 12749.2159
13970.9600 12874.6667 12750.4700
13954.2133 12805.3333 12756.4940
13954.4267 12810.6667 12753.7244
13954.6400 12816.0000 12751.5164
13954.8533 12821.3333 12749.5505
13955.0667 12826.6667 12748.2149
13955.2800 12832.0000 12746.9999
13955.4933 12837.3333 12746.3763
13955.7067 12842.6667 12745.8666
13955.9200 12848.0000 12745.8026
13956.1333 12853.3333 12745.9516
13956.3467 12858.6667 12746.3331
13956.5600 12864.0000 12747.0714
13956.7733 12869.3333 12747.8587
13956.9867 12874.6667 12749.0626
13945.7867 12805.3333 12756.6355
13945.5733 12810.6667 12753.8780
13945.3600 12816.0000 12751.6767
13945.1467 12821.3333 12749.7197
13944.9333 12826.6667 12748.3905
13944.7200 12832.0000 12747.1805
13944.5067 12837.3333 12746.5631
13944.2933 12842.6667 12746.0576
13944.0800 12848.0000 12745.9978
13943.8667 12853.3333 12746.1499
13943.6533 12858.6667 12746.5323
13943.4400 12864.0000 12747.2725
13943.2267 12869.3333 12748.0606
13943.0133 12874.6667 12749.2661
13937.3600 12805.3333 12757.4874
13936.7200 12810.6667 12754.8215
13936.0800 12816.0000 12752.7019
13935.4400 12821.3333 12750.8355
13934.8000 12826.6667 12749.5894
13934.1600 12832.0000 12748.4677
13933.5200 12837.3333 12747.9289
13932.8800 12842.6667 12747.5101
13932.2400 12848.0000 12747.5176
13931.6000 12853.3333 12747.7395
13930.9600 12858.6667 12748.1914
13930.3200 12864.0000 12748.9858
13929.6800 12869.3333 12749.8301
13929.0400 12874.6667 12751.0833
13928.9333 12805.3333 12759.0689
13927.8667 12810.6667 12756.5716
13926.8000 12816.0000 12754.6172
13925.7333 12821.3333 12752.9274
13924.6667 12826.6667 12751.8485
13923.6000 12832.0000 12750.9014
13922.5333 12837.3333 12750.5204
13921.4667 12842.6667 12750.2634
13920.4000 12848.0000 12750.4223
13919.3333 12853.3333 12750.7856
13918.2667 12858.6667 12751.3750
13917.2000 12864.0000 12752.2830
13916.1333 12869.3333 12753.2437
13915.0667 12874.6667 12754.5894
13920.5067 12805.3333 12761.4050
13919.0133 12810.6667 12759.1670
13917.5200 12816.0000 12757.4756
13916.0267 12821.3333 12756.0587
13914.5333 12826.6667 12755.2396
13913.0400 12832.0000 12754.5683
13911.5467 12837.3333 12754.4380
13910.0533 12842.6667 12754.4399
13908.5600 12848.0000 12754.8311
13907.0667 12853.3333 12755.4198
13905.5733 12858.6667 12756.2167
13904.0800 12864.0000 12757.3104
13902.5867 12869.3333 12758.4502
13901.0933 12874.6667 12759.9412
13912.0800 12805.3333 12764.5553
13910.1600 12810.6667 12762.6805
13908.2400 12816.0000 12761.3590
13906.3200 12821.3333 12760.3355
13904.4000 12826.6667 12759.8880
13902.4800 12832.0000 12759.6144
13900.5600 12837.3333 12759.8470
13898.6400 12842.6667 12760.2218
13896.7200 12848.0000 12760.9564
13894.8000 12853.3333 12761.8734
13892.8800 12858.6667 12762.9759
13890.9600 12864.0000 12764.3319
13889.0400 12869.3333 12765.7301
13887.1200 12874.6667 12767.4391
13903.6533 12805.3333 12768.6020
13901.3067 12810.6667 12767.2212
13898.9600 12816.0000 12766.4042
13896.6133 12821.3333 12765.9227
13894.2667 12826.6667 12765.9972
13891.9200 12832.0000 12766.2864
13889.5733 12837.3333 12767.0273
13887.2267 12842.6667 12767.9685
13884.8800 12848.0000 12769.0974
13882.5333 12853.3333 12770.2435
13880.1867 12858.6667 12771.5639
13877.8400 12864.0000 12773.0539
13875.4933 12869.3333 12774.6188
13873.1467 12874.6667 12776.3503
13895.2267 12805.3333 12773.6673
13892.4533 12810.6667 12772.9485
13889.6800 12816.0000 12772.8230
13886.9067 12821.3333 12773.0877
13884.1333 12826.6667 12773.5894
13881.3600 12832.0000 12774.3126
13878.5867 12837.3333 12775.3672
13875.8133 12842.6667 12776.5859
13873.0400 12848.0000 12778.0112
13870.2667 12853.3333 12779.5841
13867.4933 12858.6667 12781.2882
13864.7200 12864.0000 12783.0980
13861.9467 12869.3333 12784.9791
13859.1733 12874.6667 12786.9504
14043.9467 12880.6667 12786.4393
14044.2933 12881.3333 12786.7056
14044.6400 12882.0000 12786.9724
14044.9867 12882.6667 12787.2411
14045.3333 12883.3333 12787.5111
14045.6800 12884.0000 12787.7824
14046.0267 12884.6667 12788.0549
14046.3733 12885.3333 12788.3280
14046.7200 12886.0000 12788.6010
14047.0667 12886.6667 12788.8744
14047.4133 12887.3333 12789.1490
14047.7600 12888.0000 12789.4261
14048.1067 12888.6667 12789.7046
14048.4533 12889.3333 12789.9823
14029.4933 12880.6667 12776.0072
14029.7867 12881.3333 12776.2471
14030.0800 12882.0000 12776.4893
14030.3733 12882.6667 12776.7337
14030.6667 12883.3333 12776.9796
14030.9600 12884.0000 12777.2254
14031.2533 12884.6667 12777.4710
14031.5467 12885.3333 12777.7176
14031.8400 12886.0000 12777.9652
14032.1333 12886.6667 12778.2139
14032.4267 12887.3333 12778.4647
14032.7200 12888.0000 12778.7169
14033.0133 12888.6667 12778.9697
14033.3067 12889.3333 12779.2231
14015.0400 12880.6667 12767.2186
14015.2800 12881.3333 12767.4509
14015.5200 12882.0000 12767.6883
14015.7600 12882.6667 12767.9293
14016.0000 12883.3333 12768.1711
14016.2400 12884.0000 12768.4087
14016.4800 12884.6667 12768.6454
14016.7200 12885.3333 12768.8815
14016.9600 12886.0000 12769.1167
14017.2000 12886.6667 12769.3506
14017.4400 12887.3333 12769.5825
14017.6800 12888.0000 12769.8136
14017.9200 12888.6667 12770.0439
14018.1600 12889.3333 12770.2737
14000.5867 12880.6667 12760.0766
14000.7733 12881.3333 12760.2833
14000.9600 12882.0000 12760.4956
14001.1467 12882.6667 12760.7123
14001.3333 12883.3333 12760.9314
14001.5200 12884.0000 12761.1487
14001.7067 12884.6667 12761.3637
14001.8933 12885.3333 12761.5780
14002.0800 12886.0000 12761.7921
14002.2667 12886.6667 12762.0059
14002.4533 12887.3333 12762.2205
14002.6400 12888.0000 12762.4358
14002.8267 12888.6667 12762.6512
14003.0133 12889.3333 12762.8666
13986.1333 12880.6667 12755.0460
13986.2667 12881.3333 12755.2379
13986.4000 12882.0000 12755.4348
13986.5333 12882.6667 12755.6338
13986.6667 12883.3333 12755.8368
13986.8000 12884.0000 12756.0385
13986.9333 12884.6667 12756.2378
13987.0667 12885.3333 12756.4363
13987.2000 12886.0000 12756.6344
13987.3333 12886.6667 12756.8325
13987.4667 12887.3333 12757.0311
13987.6000 12888.0000 12757.2301
13987.7333 12888.6667 12757.4296
13987.8667 12889.3333 12757.6291
13971.6800 12880.6667 12751.8713
13971.7600 12881.3333 12752.0519
13971.8400 12882.0000 12752.2386
13971.9200 12882.6667 12752.4292
13972.0000 12883.3333 12752.6218
13972.0800 12884.0000 12752.8131
13972.1600 12884.6667 12753.0027
13972.2400 12885.3333 12753.1912
13972.3200 12886.0000 12753.3789
13972.4000 12886.6667 12753.5666
13972.4800 12887.3333 12753.7558
13972.5600 12888.0000 12753.9437
13972.6400 12888.6667 12754.1312
13972.7200 12889.3333 12754.3186
13957.2267 12880.6667 12750.4114
13957.2533 12881.3333 12750.5723
13957.2800 12882.0000 12750.7396
13957.3067 12882.6667 12750.9161
13957.3333 12883.3333 12751.0953
13957.3600 12884.0000 12751.2727
13957.3867 12884.6667 12751.4542
13957.4133 12885.3333 12751.6395
13957.4400 12886.0000 12751.8286
13957.4667 12886.6667 12752.0212
13957.4933 12887.3333 12752.2171
13957.5200 12888.0000 12752.4158
13957.5467 12888.6667 12752.6131
13957.5733 12889.3333 12752.8052
13942.7733 12880.6667 12750.6132
13942.7467 12881.3333 12750.7744
13942.7200 12882.0000 12750.9418
13942.6933 12882.6667 12751.1147
13942.6667 12883.3333 12751.2930
13942.6400 12884.0000 12751.4767
13942.6133 12884.6667 12751.6679
13942.5867 12885.3333 12751.8517
13942.5600 12886.0000 12752.0372
13942.5333 12886.6667 12752.2261
13942.5067 12887.3333 12752.4183
13942.4800 12888.0000 12752.6136
13942.4533 12888.6667 12752.8108
13942.4267 12889.3333 12753.0037
13928.3200 12880.6667 12752.4843
13928.2400 12881.3333 12752.6634
13928.1600 12882.0000 12752.8489
13928.0800 12882.6667 12753.0389
13928.0000 12883.3333 12753.2314
13927.9200 12884.0000 12753.4224
13927.8400 12884.6667 12753.6117
13927.7600 12885.3333 12753.7994
13927.6800 12886.0000 12753.9860
13927.6000 12886.6667 12754.1725
13927.5200 12887.3333 12754.3601
13927.4400 12888.0000 12754.5488
13927.3600 12888.6667 12754.7378
13927.2800 12889.3333 12754.9271
13913.8667 12880.6667 12756.0950
13913.7333 12881.3333 12756.2866
13913.6000 12882.0000 12756.4838
13913.4667 12882.6667 12756.6832
13913.3333 12883.3333 12756.8841
13913.2000 12884.0000 12757.0853
13913.0667 12884.6667 12757.2841
13912.9333 12885.3333 12757.4820
13912.8000 12886.0000 12757.6793
13912.6667 12886.6667 12757.8766
13912.5333 12887.3333 12758.0743
13912.4000 12888.0000 12758.2727
13912.2667 12888.6667 12758.4714
13912.1333 12889.3333 12758.6703
13899.4133 12880.6667 12761.6127
13899.2267 12881.3333 12761.8202
13899.0400 12882.0000 12762.0313
13898.8533 12882.6667 12762.2462
13898.6667 12883.3333 12762.4641
13898.4800 12884.0000 12762.6803
13898.2933 12884.6667 12762.8942
13898.1067 12885.3333 12763.1073
13897.9200 12886.0000 12763.3202
13897.7333 12886.6667 12763.5331
13897.5467 12887.3333 12763.7467
13897.3600 12888.0000 12763.9608
13897.1733 12888.6667 12764.1754
13896.9867 12889.3333 12764.3901
13884.9600 12880.6667 12769.2987
13884.7200 12881.3333 12769.5185
13884.4800 12882.0000 12769.7393
13884.2400 12882.6667 12769.9623
13884.0000 12883.3333 12770.1889
13883.7600 12884.0000 12770.4159
13883.5200 12884.6667 12770.6394
13883.2800 12885.3333 12770.8621
13883.0400 12886.0000 12771.0850
13882.8000 12886.6667 12771.3082
13882.5600 12887.3333 12771.5318
13882.3200 12888.0000 12771.7561
13882.0800 12888.6667 12771.9808
13881.8400 12889.3333 12772.2054
13870.5067 12880.6667 12778.3915
13870.2133 12881.3333 12778.6390
13869.9200 12882.0000 12778.8909
13869.6267 12882.6667 12779.1440
13869.3333 12883.3333 12779.3970
13869.0400 12884.0000 12779.6485
13868.7467 12884.6667 12779.8970
13868.4533 12885.3333 12780.1428
13868.1600 12886.0000 12780.3861
13867.8667 12886.6667 12780.6277
13867.5733 12887.3333 12780.8687
13867.2800 12888.0000 12781.1090
13866.9867 12888.6667 12781.3485
13866.6933 12889.3333 12781.5872
13856.0533 12880.6667 12789.2546
13855.7067 12881.3333 12789.5284
13855.3600 12882.0000 12789.8061
13855.0133 12882.6667 12790.0823
13854.6667 12883.3333 12790.3604
13854.3200 12884.0000 12790.6359
13853.9733 12884.6667 12790.9079
13853.6267 12885.3333 12791.1767
13853.2800 12886.0000 12791.4431
13852.9333 12886.6667 12791.7089
13852.5867 12887.3333 12791.9743
13852.2400 12888.0000 12792.2391
13851.8933 12888.6667 12792.5014
13851.5467 12889.3333 12792.7623
13817.3333 12800.0000 12990.1293
13744.6667 12800.0000 13002.1417
14002.0000 12800.0000 12975.6339
13994.0000 12800.0000 12973.9793
13986.0000 12800.0000 12972.6614
13978.0000 12800.0000 12971.6483
13970.0000 12800.0000 12970.9168
13962.0000 12800.0000 12970.4552
13954.0000 12800.0000 12970.2533
13946.0000 12800.0000 12970.3086
13938.0000 12800.0000 12970.6224
13930.0000 12800.0000 12971.1987
13922.0000 12800.0000 12972.0498
13914.0000 12800.0000 12973.1919
13906.0000 12800.0000 12974.6500
13898.0000 12800.0000 12976.4647
14155.3333 12800.0000 13005.6601
14082.6667 12800.0000 12989.9700
13886.8000 12805.3333 12978.4618
13883.6000 12810.6667 12978.3627
13880.4000 12816.0000 12978.4907
13877.2000 12821.3333 12978.7716
13874.0000 12826.6667 12979.2133
13870.8000 12832.0000 12979.7723
13867.6000 12837.3333 12980.4240
13864.4000 12842.6667 12981.1531
13861.2000 12848.0000 12981.9403
13858.0000 12853.3333 12982.7760
13854.8000 12858.6667 12983.6440
13851.6000 12864.0000 12984.5393
13848.4000 12869.3333 12985.4462
13845.2000 12874.6667 12986.3707
13772.5333 12880.0000 12998.9413
13703.0667 12880.0000 12998.8345
13841.6000 12880.6667 12987.4223
13841.2000 12881.3333 12987.5457
13840.8000 12882.0000 12987.6715
13840.4000 12882.6667 12987.7971
13840.0000 12883.3333 12987.9224
13839.6000 12884.0000 12988.0470
13839.2000 12884.6667 12988.1701
13838.8000 12885.3333 12988.2919
13838.4000 12886.0000 12988.4125
13838.0000 12886.6667 12988.5327
13837.6000 12887.3333 12988.6527
13837.2000 12888.0000 12988.7722
13836.8000 12888.6667 12988.8905
13836.4000 12889.3333 12989.0082
13766.9333 12890.0000 12998.7332
13833.6000 12894.0000 12990.1126
13831.2000 12898.0000 12991.0317
13828.8000 12902.0000 12991.9614
13826.4000 12906.0000 12992.9024
13824.0000 12910.0000 12993.8542
13821.6000 12914.0000 12994.8227
13819.2000 12918.0000 12995.8026
13816.8000 12922.0000 12996.7958
13814.4000 12926.0000 12997.8037
13812.0000 12930.0000 12998.8282
13809.6000 12934.0000 12998.8752
13807.2000 12938.0000 12998.9359
13804.8000 12942.0000 12999.0127
13802.4000 12946.0000 12999.1087
13733.3333 12950.0000 12999.5035
14196.9333 12880.0000 12998.8081
14127.4667 12880.0000 12998.9352
14054.8000 12874.6667 12985.0393
14051.6000 12869.3333 12984.1056
14048.4000 12864.0000 12983.1955
14045.2000 12858.6667 12982.3044
14042.0000 12853.3333 12981.4460
14038.8000 12848.0000 12980.6253
14035.6000 12842.6667 12979.8584
14032.4000 12837.3333 12979.1555
14029.2000 12832.0000 12978.5315
14026.0000 12826.6667 12978.0211
14022.8000 12821.3333 12977.6221
14019.6000 12816.0000 12977.3927
14016.4000 12810.6667 12977.3244
14013.2000 12805.3333 12977.3745
14133.0667 12890.0000 12998.7067
14063.6000 12889.3333 12987.6759
14063.2000 12888.6667 12987.5623
14062.8000 12888.0000 12987.4463
14062.4000 12887.3333 12987.3288
14062.0000 12886.6667 12987.2101
14061.6000 12886.0000 12987.0906
14061.2000 12885.3333 12986.9698
14060.8000 12884.6667 12986.8481
14060.4000 12884.0000 12986.7255
14060.0000 12883.3333 12986.6012
14059.6000 12882.6667 12986.4756
14059.2000 12882.0000 12986.3501
14058.8000 12881.3333 12986.2261
14058.4000 12880.6667 12986.1025
14166.6667 12950.0000 12999.4770
14097.6000 12946.0000 12999.0822
14095.2000 12942.0000 12998.9863
14092.8000 12938.0000 12998.9094
14090.4000 12934.0000 12998.8487
14088.0000 12930.0000 12997.8146
14085.6000 12926.0000 12996.7978
14083.2000 12922.0000 12995.7968
14080.8000 12918.0000 12993.8475
14078.4000 12914.0000 12992.8891
14076.0000 12910.0000 12991.9435
14073.6000 12906.0000 12991.0096
14071.2000 12902.0000 12990.0865
14068.8000 12898.0000 12989.1739
14066.4000 12894.0000 12988.2715
13814.3467 12805.3333 12993.0696
13811.3600 12810.6667 12994.0312
13808.3733 12816.0000 12995.2686
13805.3867 12821.3333 12994.7457
13802.4000 12826.6667 12994.3082
13799.4133 12832.0000 12997.5048
13796.4267 12837.3333 12997.2067
13793.4400 12842.6667 12996.9640
13790.4533 12848.0000 13000.2869
13787.4667 12853.3333 13000.1311
13784.4800 12858.6667 13000.0083
13781.4933 12864.0000 12999.9125
13778.5067 12869.3333 12999.6020
13775.5200 12874.6667 12999.3121
13741.8933 12805.3333 13004.7064
13739.1200 12810.6667 13003.8787
13736.3467 12816.0000 13003.1639
13733.5733 12821.3333 13002.5499
13730.8000 12826.6667 13002.0254
13728.0267 12832.0000 13001.5799
13725.2533 12837.3333 13001.2037
13722.4800 12842.6667 13000.8879
13719.7067 12848.0000 13000.6245
13716.9333 12853.3333 13000.4062
13714.1600 12858.6667 12999.9898
13711.3867 12864.0000 12999.6094
13708.6133 12869.3333 12999.3248
13705.8400 12874.6667 12998.9076
13772.1600 12880.6667 12998.9369
13771.7867 12881.3333 12998.9328
13771.4133 12882.0000 12998.9288
13771.0400 12882.6667 12998.9250
13770.6667 12883.3333 12998.7612
13770.2933 12884.0000 12998.7577
13769.9200 12884.6667 12998.7544
13769.5467 12885.3333 12998.7512
13769.1733 12886.0000 12998.7482
13768.8000 12886.6667 12998.7453
13768.4267 12887.3333 12998.7426
13768.0533 12888.0000 12998.7400
13767.6800 12888.6667 12998.7376
13767.3067 12889.3333 12998.7353
13702.7200 12880.6667 12998.8268
13702.3733 12881.3333 12998.8193
13702.0267 12882.0000 12998.8121
13701.6800 12882.6667 12998.8052
13701.3333 12883.3333 12998.7985
13700.9867 12884.0000 12998.7921
13700.6400 12884.6667 12998.7860
13700.2933 12885.3333 12998.7802
13699.9467 12886.0000 12998.7747
13764.6933 12894.0000 12998.7233
13762.4533 12898.0000 12998.7182
13760.2133 12902.0000 12998.7183
13757.9733 12906.0000 12998.7237
13755.7333 12910.0000 12998.7351
13753.4933 12914.0000 12998.7534
13751.2533 12918.0000 12998.7798
13749.0133 12922.0000 12998.8157
13746.7733 12926.0000 12998.8626
13744.5333 12930.0000 12998.9226
13742.2933 12934.0000 12998.9978
13740.0533 12938.0000 12999.0907
13737.8133 12942.0000 12999.2039
13735.5733 12946.0000 12999.3404
14158.1067 12805.3333 13004.7064
14160.8800 12810.6667 13003.8787
14163.6533 12816.0000 13003.1639
14166.4267 12821.3333 13002.5499
14169.2000 12826.6667 13002.0254
14171.9733 12832.0000 13001.5799
14174.7467 12837.3333 13001.2037
14177.5200 12842.6667 13000.8879
14180.2933 12848.0000 13000.6245
14183.0667 12853.3333 13000.4062
14185.8400 12858.6667 13000.2265
14188.6133 12864.0000 12999.6094
14191.3867 12869.3333 12999.3276
14194.1600 12874.6667 12998.8811
14085.6533 12805.3333 12990.9177
14088.6400 12810.6667 12992.0252
14091.6267 12816.0000 12993.2495
14094.6133 12821.3333 12994.4051
14097.6000 12826.6667 12993.9676
14100.5867 12832.0000 12993.6047
14103.5733 12837.3333 12995.1476
14106.5600 12842.6667 13000.4824
14109.5467 12848.0000 13000.2869
14112.5333 12853.3333 13000.1311
14115.5200 12858.6667 13000.0083
14118.5067 12864.0000 12999.9125
14121.4933 12869.3333 12999.6020
14124.4800 12874.6667 12999.3121
14197.2800 12880.6667 12998.8003
14197.6267 12881.3333 12998.7928
14197.9733 12882.0000 12998.7856
14198.3200 12882.6667 12998.7787
14198.6667 12883.3333 12998.7720
14199.0133 12884.0000 12998.7657
14199.3600 12884.6667 12998.7596
14199.7067 12885.3333 12998.7537
14200.0533 12886.0000 12998.7482
14127.8400 12880.6667 12998.9308
14128.2133 12881.3333 12998.9267
14128.5867 12882.0000 12998.9227
14128.9600 12882.6667 12998.7384
14129.3333 12883.3333 12998.7347
14129.7067 12884.0000 12998.7312
14130.0800 12884.6667 12998.7279
14130.4533 12885.3333 12998.7247
14130.8267 12886.0000 12998.7217
14131.2000 12886.6667 12998.7188
14131.5733 12887.3333 12998.7161
14131.9467 12888.0000 12998.7136
14132.3200 12888.6667 12998.7111
14132.6933 12889.3333 12998.7088
14135.3067 12894.0000 12998.6968
14137.5467 12898.0000 12998.6918
14139.7867 12902.0000 12998.6918
14142.0267 12906.0000 12998.6972
14144.2667 12910.0000 12998.7086
14146.5067 12914.0000 12998.7270
14148.7467 12918.0000 12998.7533
14150.9867 12922.0000 12998.7892
14153.2267 12926.0000 12998.8361
14155.4667 12930.0000 12998.8961
14157.7067 12934.0000 12998.9713
14159.9467 12938.0000 12999.0642
14162.1867 12942.0000 12999.1774
14164.4267 12946.0000 12999.3140