300.0000 300.0000 300.0000
13370.0000 12800.0000 12748.1366
13530.0000 12800.0000 12746.2756
13586.0000 12880.0000 12796.8023
13314.0000 12880.0000 12800.7806
13307.0000 12890.0000 12799.5796
13300.0000 12900.0000 12799.5796
13593.0000 12890.0000 12799.5146
13600.0000 12900.0000 12799.5146
13387.7778 12800.0000 12741.6737
13405.5556 12800.0000 12730.5087
13423.3333 12800.0000 12723.6467
13441.1111 12800.0000 12720.2341
13458.8889 12800.0000 12719.9315
13476.6667 12800.0000 12722.7102
13494.4444 12800.0000 12728.8417
13512.2222 12800.0000 12739.0586
13536.2222 12808.8889 12754.0776
13542.4444 12817.7778 12753.8026
13548.6667 12826.6667 12761.7386
13554.8889 12835.5556 12770.5706
13561.1111 12844.4444 12777.1131
13567.3333 12853.3333 12782.6070
13573.5556 12862.2222 12787.5812
13579.7778 12871.1111 12792.2882
13555.7778 12880.0000 12766.2678
13525.5556 12880.0000 12743.3789
13495.3333 12880.0000 12727.8645
13465.1111 12880.0000 12720.8261
13434.8889 12880.0000 12721.2503
13404.6667 12880.0000 12729.2218
13374.4444 12880.0000 12745.6501
13344.2222 12880.0000 12769.4383
13320.2222 12871.1111 12796.4038
13326.4444 12862.2222 12791.7269
13332.6667 12853.3333 12786.7497
13338.8889 12844.4444 12780.0036
13345.1111 12835.5556 12770.9496
13351.3333 12826.6667 12766.5436
13357.5556 12817.7778 12762.2896
13363.7778 12808.8889 12751.9936
13306.6667 12800.0000 12775.8526
13243.3333 12800.0000 12793.2996
13656.6667 12800.0000 12801.9356
13593.3333 12800.0000 12775.0796
13256.8889 12880.0000 12799.9726
13313.2222 12881.1111 12800.7806
13312.4444 12882.2222 12800.3726
13311.6667 12883.3333 12800.3726
13310.8889 12884.4444 12800.3726
13310.1111 12885.5556 12799.9726
13309.3333 12886.6667 12799.9726
13308.5556 12887.7778 12799.9726
13307.7778 12888.8889 12799.5796
13250.6667 12890.0000 12799.5796
13306.2222 12891.1111 12799.5796
13305.4444 12892.2222 12799.5796
13304.6667 12893.3333 12799.5796
13303.8889 12894.4444 12799.5796
13303.1111 12895.5556 12799.5796
13302.3333 12896.6667 12799.5796
13301.5556 12897.7778 12799.5796
13300.7778 12898.8889 12799.5796
13244.4444 12900.0000 12799.5796
13643.1111 12880.0000 12799.9576
13649.3333 12890.0000 12799.5146
13592.2222 12888.8889 12799.5146
13591.4444 12887.7778 12799.9576
13590.6667 12886.6667 12799.9576
13589.8889 12885.5556 12799.6293
13589.1111 12884.4444 12799.0824
13588.3333 12883.3333 12798.5201
13587.5556 12882.2222 12797.9445
13586.7778 12881.1111 12797.3699
13655.5556 12900.0000 12799.5146
13599.2222 12898.8889 12799.5146
13598.4444 12897.7778 12799.5146
13597.6667 12896.6667 12799.5146
13596.8889 12895.5556 12799.5146
13596.1111 12894.4444 12799.5146
13595.3333 12893.3333 12799.5146
13594.5556 12892.2222 12799.5146
13593.7778 12891.1111 12799.5146
13338.7778 12890.0000 12773.5004
13370.5556 12890.0000 12749.0683
13402.3333 12890.0000 12732.2679
13434.1111 12890.0000 12724.0177
13465.8889 12890.0000 12723.6014
13497.6667 12890.0000 12730.9289
13529.4444 12890.0000 12746.8417
13561.2222 12890.0000 12770.3555
13517.0617 12808.8889 12741.0417
13521.9012 12817.7778 12743.3711
13526.7407 12826.6667 12746.1437
13531.5802 12835.5556 12749.2111
13536.4198 12844.4444 12752.4715
13541.2593 12853.3333 12755.8380
13546.0988 12862.2222 12759.2670
13550.9383 12871.1111 12762.7360
13497.9012 12808.8889 12728.6098
13501.3580 12817.7778 12729.0620
13504.8148 12826.6667 12730.0666
13508.2716 12835.5556 12731.4714
13511.7284 12844.4444 12733.2954
13515.1852 12853.3333 12735.5602
13518.6420 12862.2222 12738.0711
13522.0988 12871.1111 12740.5708
13478.7407 12808.8889 12721.2413
13480.8148 12817.7778 12720.4147
13482.8889 12826.6667 12720.1097
13484.9630 12835.5556 12720.1981
13487.0370 12844.4444 12720.7664
13489.1111 12853.3333 12721.9377
13491.1852 12862.2222 12723.5399
13493.2593 12871.1111 12725.4791
13459.5802 12808.8889 12717.9205
13460.2716 12817.7778 12716.5373
13460.9630 12826.6667 12715.6824
13461.6543 12835.5556 12715.2191
13462.3457 12844.4444 12715.2594
13463.0370 12853.3333 12715.9716
13463.7284 12862.2222 12717.1628
13464.4198 12871.1111 12718.7405
13440.4198 12808.8889 12718.2530
13439.7284 12817.7778 12716.8953
13439.0370 12826.6667 12716.0632
13438.3457 12835.5556 12715.6181
13437.6543 12844.4444 12715.6749
13436.9630 12853.3333 12716.3924
13436.2716 12862.2222 12717.5897
13435.5802 12871.1111 12719.1696
13421.2593 12808.8889 12722.2745
13419.1852 12817.7778 12721.5363
13417.1111 12826.6667 12721.3070
13415.0370 12835.5556 12721.4645
13412.9630 12844.4444 12722.0810
13410.8889 12853.3333 12723.2853
13408.8148 12862.2222 12724.9019
13406.7407 12871.1111 12726.8489
13402.0988 12808.8889 12730.4810
13398.6420 12817.7778 12731.1276
13395.1852 12826.6667 12732.3029
13391.7284 12835.5556 12733.8693
13388.2716 12844.4444 12735.8249
13384.8148 12853.3333 12738.1030
13381.3580 12862.2222 12740.3879
13377.9012 12871.1111 12742.8856
13382.9383 12808.8889 12743.6095
13378.0988 12817.7778 12746.1518
13373.2593 12826.6667 12749.1017
13368.4198 12835.5556 12752.3111
13363.5802 12844.4444 12755.6588
13358.7407 12853.3333 12759.0760
13353.9012 12862.2222 12762.5216
13349.0617 12871.1111 12765.9690
13301.1358 12808.8889 12784.5626
13295.6049 12817.7778 12784.5626
13290.0741 12826.6667 12793.2996
13284.5432 12835.5556 12793.2996
13279.0123 12844.4444 12801.9356
13273.4815 12853.3333 12801.9356
13267.9506 12862.2222 12801.9356
13262.4198 12871.1111 12800.7806
13256.1975 12881.1111 12799.5796
13255.5062 12882.2222 12799.5796
13254.8148 12883.3333 12799.5796
13254.1235 12884.4444 12799.5796
13253.4321 12885.5556 12799.5796
13252.7407 12886.6667 12799.5796
13252.0494 12887.7778 12799.5796
13251.3580 12888.8889 12799.5796
13249.9753 12891.1111 12799.5796
13249.2840 12892.2222 12799.5796
13248.5926 12893.3333 12799.5796
13247.9012 12894.4444 12799.5796
13247.2099 12895.5556 12799.5796
13246.5185 12896.6667 12799.5796
13245.8272 12897.7778 12799.5796
13245.1358 12898.8889 12799.5796
13598.8642 12808.8889 12779.6066
13604.3951 12817.7778 12783.7266
13609.9259 12826.6667 12783.7266
13615.4568 12835.5556 12801.9356
13620.9877 12844.4444 12801.9356
13626.5185 12853.3333 12801.9356
13632.0494 12862.2222 12801.9356
13637.5802 12871.1111 12800.7806
13643.8025 12881.1111 12799.5146
13644.4938 12882.2222 12799.5146
13645.1852 12883.3333 12799.5146
13645.8765 12884.4444 12799.5146
13646.5679 12885.5556 12799.5146
13647.2593 12886.6667 12799.5146
13647.9506 12887.7778 12799.5146
13648.6420 12888.8889 12799.5146
13650.0247 12891.1111 12799.5146
13650.7160 12892.2222 12799.5146
13651.4074 12893.3333 12799.5146
13652.0988 12894.4444 12799.5146
13652.7901 12895.5556 12799.5146
13653.4815 12896.6667 12799.5146
13654.1728 12897.7778 12799.5146
13654.8642 12898.8889 12799.5146
13556.3827 12881.1111 12766.7221
13556.9877 12882.2222 12767.1853
13557.5926 12883.3333 12767.6552
13558.1975 12884.4444 12768.1194
13558.8025 12885.5556 12768.5781
13559.4074 12886.6667 12769.0307
13560.0123 12887.7778 12769.4800
13560.6173 12888.8889 12769.9239
13525.9877 12881.1111 12743.7485
13526.4198 12882.2222 12744.1274
13526.8519 12883.3333 12744.5122
13527.2840 12884.4444 12744.8967
13527.7160 12885.5556 12745.2813
13528.1481 12886.6667 12745.6674
13528.5802 12887.7778 12746.0572
13529.0123 12888.8889 12746.4491
13495.5926 12881.1111 12728.1876
13495.8519 12882.2222 12728.5280
13496.1111 12883.3333 12728.8749
13496.3704 12884.4444 12729.2206
13496.6296 12885.5556 12729.5622
13496.8889 12886.6667 12729.9029
13497.1481 12887.7778 12730.2444
13497.4074 12888.8889 12730.5868
13465.1975 12881.1111 12721.1013
13465.2840 12882.2222 12721.3904
13465.3704 12883.3333 12721.6861
13465.4568 12884.4444 12721.9963
13465.5432 12885.5556 12722.3152
13465.6296 12886.6667 12722.6393
13465.7160 12887.7778 12722.9613
13465.8025 12888.8889 12723.2831
13434.8025 12881.1111 12721.5301
13434.7160 12882.2222 12721.8283
13434.6296 12883.3333 12722.1384
13434.5432 12884.4444 12722.4372
13434.4568 12885.5556 12722.7424
13434.3704 12886.6667 12723.0688
13434.2840 12887.7778 12723.3830
13434.1975 12888.8889 12723.7039
13404.4074 12881.1111 12729.5434
13404.1481 12882.2222 12729.8832
13403.8889 12883.3333 12730.2278
13403.6296 12884.4444 12730.5715
13403.3704 12885.5556 12730.9111
13403.1111 12886.6667 12731.2488
13402.8519 12887.7778 12731.5881
13402.5926 12888.8889 12731.9281
13374.0123 12881.1111 12746.0235
13373.5802 12882.2222 12746.4094
13373.1481 12883.3333 12746.8024
13372.7160 12884.4444 12747.1906
13372.2840 12885.5556 12747.5725
13371.8519 12886.6667 12747.9503
13371.4198 12887.7778 12748.3252
13370.9877 12888.8889 12748.6980
13343.6173 12881.1111 12769.8912
13343.0123 12882.2222 12770.3594
13342.4074 12883.3333 12770.8266
13341.8025 12884.4444 12771.2880
13341.1975 12885.5556 12771.7413
13340.5926 12886.6667 12772.1878
13339.9877 12887.7778 12772.6316
13339.3827 12888.8889 12773.0697
13370.0000 12800.0000 12768.9597
13530.0000 12800.0000 12769.4465
13314.0000 12880.0000 12817.3836
13307.0000 12890.0000 12822.9632
13300.0000 12900.0000 12826.1336
13586.0000 12880.0000 12813.3397
13593.0000 12890.0000 12818.8788
13600.0000 12900.0000 12823.5696
13306.6667 12800.0000 12798.9593
13243.3333 12800.0000 12833.8533
13512.2222 12800.0000 12757.1702
13494.4444 12800.0000 12748.6599
13476.6667 12800.0000 12743.3944
13458.8889 12800.0000 12740.9750
13441.1111 12800.0000 12741.2422
13423.3333 12800.0000 12744.2156
13405.5556 12800.0000 12750.0918
13387.7778 12800.0000 12759.3327
13656.6667 12800.0000 12840.5833
13593.3333 12800.0000 12801.9503
13363.7778 12808.8889 12774.8370
13357.5556 12817.7778 12778.7583
13351.3333 12826.6667 12783.4540
13345.1111 12835.5556 12789.0958
13338.8889 12844.4444 12794.9403
13332.6667 12853.3333 12800.8311
13326.4444 12862.2222 12806.6738
13320.2222 12871.1111 12812.1989
13256.8889 12880.0000 12826.3153
13313.2222 12881.1111 12818.0132
13312.4444 12882.2222 12818.6451
13311.6667 12883.3333 12819.2765
13310.8889 12884.4444 12819.9053
13310.1111 12885.5556 12820.5256
13309.3333 12886.6667 12821.1418
13308.5556 12887.7778 12821.7540
13307.7778 12888.8889 12822.3647
13250.6667 12890.0000 12826.1787
13306.2222 12891.1111 12823.6484
13305.4444 12892.2222 12823.6440
13304.6667 12893.3333 12826.1442
13303.8889 12894.4444 12826.1410
13303.1111 12895.5556 12826.1384
13302.3333 12896.6667 12826.1363
13301.5556 12897.7778 12826.1348
13300.7778 12898.8889 12826.1339
13244.4444 12900.0000 12826.1336
13643.1111 12880.0000 12824.4973
13579.7778 12871.1111 12808.1215
13573.5556 12862.2222 12802.6017
13567.3333 12853.3333 12796.8595
13561.1111 12844.4444 12791.0461
13554.8889 12835.5556 12785.2472
13548.6667 12826.6667 12779.8707
13542.4444 12817.7778 12775.2279
13536.2222 12808.8889 12771.6167
13649.3333 12890.0000 12823.6147
13592.2222 12888.8889 12818.3029
13591.4444 12887.7778 12817.7161
13590.6667 12886.6667 12817.1185
13589.8889 12885.5556 12816.5097
13589.1111 12884.4444 12815.8876
13588.3333 12883.3333 12815.2550
13587.5556 12882.2222 12814.6144
13586.7778 12881.1111 12813.9761
13655.5556 12900.0000 12823.5696
13599.2222 12898.8889 12823.5699
13598.4444 12897.7778 12823.5708
13597.6667 12896.6667 12823.5723
13596.8889 12895.5556 12823.5744
13596.1111 12894.4444 12821.0930
13595.3333 12893.3333 12821.0962
13594.5556 12892.2222 12821.1000
13593.7778 12891.1111 12818.6424
13555.7778 12880.0000 12784.1674
13525.5556 12880.0000 12762.4998
13495.3333 12880.0000 12747.9490
13465.1111 12880.0000 12741.4050
13434.8889 12880.0000 12741.8157
13404.6667 12880.0000 12749.2553
13374.4444 12880.0000 12764.7236
13344.2222 12880.0000 12787.2965
13338.7778 12890.0000 12791.9164
13370.5556 12890.0000 12768.5929
13402.3333 12890.0000 12752.6354
13434.1111 12890.0000 12744.8657
13465.8889 12890.0000 12744.4650
13497.6667 12890.0000 12751.3319
13529.4444 12890.0000 12766.3898
13561.2222 12890.0000 12788.8386
13301.1358 12808.8889 12803.6496
13295.6049 12817.7778 12813.6516
13290.0741 12826.6667 12816.8769
13284.5432 12835.5556 12822.0957
13279.0123 12844.4444 12821.0628
13273.4815 12853.3333 12826.7978
13267.9506 12862.2222 12826.2988
13262.4198 12871.1111 12825.5145
13256.1975 12881.1111 12826.2952
13255.5062 12882.2222 12826.2764
13254.8148 12883.3333 12826.2589
13254.1235 12884.4444 12826.2426
13253.4321 12885.5556 12826.2275
13252.7407 12886.6667 12826.2136
13252.0494 12887.7778 12826.2009
13251.3580 12888.8889 12826.1892
13249.9753 12891.1111 12826.1693
13249.2840 12892.2222 12826.1610
13248.5926 12893.3333 12826.1538
13247.9012 12894.4444 12826.1477
13247.2099 12895.5556 12826.1427
13246.5185 12896.6667 12826.1387
13245.8272 12897.7778 12826.1359
13245.1358 12898.8889 12826.1342
13598.8642 12808.8889 12806.4786
13604.3951 12817.7778 12808.5066
13609.9259 12826.6667 12810.7509
13615.4568 12835.5556 12814.8027
13620.9877 12844.4444 12827.7928
13626.5185 12853.3333 12827.0658
13632.0494 12862.2222 12826.5668
13637.5802 12871.1111 12825.5115
13643.8025 12881.1111 12824.1142
13644.4938 12882.2222 12824.0954
13645.1852 12883.3333 12823.6949
13645.8765 12884.4444 12823.6786
13646.5679 12885.5556 12823.6635
13647.2593 12886.6667 12823.6496
13647.9506 12887.7778 12823.6369
13648.6420 12888.8889 12823.6252
13650.0247 12891.1111 12823.6053
13650.7160 12892.2222 12823.5970
13651.4074 12893.3333 12823.5898
13652.0988 12894.4444 12823.5837
13652.7901 12895.5556 12823.5787
13653.4815 12896.6667 12823.5747
13654.1728 12897.7778 12823.5719
13654.8642 12898.8889 12823.5702
13517.0617 12808.8889 12757.1715
13521.9012 12817.7778 12758.6630
13526.7407 12826.6667 12761.3153
13531.5802 12835.5556 12764.2859
13536.4198 12844.4444 12767.8568
13541.2593 12853.3333 12771.7762
13546.0988 12862.2222 12775.8537
13550.9383 12871.1111 12779.9948
13497.9012 12808.8889 12746.7800
13501.3580 12817.7778 12746.2291
13504.8148 12826.6667 12746.7165
13508.2716 12835.5556 12748.0420
13511.7284 12844.4444 12750.1111
13515.1852 12853.3333 12752.7627
13518.6420 12862.2222 12755.7956
13522.0988 12871.1111 12759.1196
13478.7407 12808.8889 12740.4449
13480.8148 12817.7778 12738.7755
13482.8889 12826.6667 12738.0879
13484.9630 12835.5556 12738.2086
13487.0370 12844.4444 12739.1036
13489.1111 12853.3333 12740.6831
13491.1852 12862.2222 12742.7229
13493.2593 12871.1111 12745.1371
13459.5802 12808.8889 12737.5493
13460.2716 12817.7778 12735.3803
13460.9630 12826.6667 12734.1791
13461.6543 12835.5556 12733.7744
13462.3457 12844.4444 12734.1692
13463.0370 12853.3333 12735.2877
13463.7284 12862.2222 12736.8993
13464.4198 12871.1111 12738.9187
13440.4198 12808.8889 12737.8443
13439.7284 12817.7778 12735.7029
13439.0370 12826.6667 12734.5242
13438.3457 12835.5556 12734.1412
13437.6543 12844.4444 12734.5544
13436.9630 12853.3333 12735.6848
13436.2716 12862.2222 12737.3062
13435.5802 12871.1111 12739.3305
13421.2593 12808.8889 12741.3581
13419.1852 12817.7778 12739.7730
13417.1111 12826.6667 12739.1652
13415.0370 12835.5556 12739.3587
13412.9630 12844.4444 12740.3131
13410.8889 12853.3333 12741.9342
13408.8148 12862.2222 12744.0053
13406.7407 12871.1111 12746.4389
13402.0988 12808.8889 12748.3932
13398.6420 12817.7778 12748.0141
13395.1852 12826.6667 12748.6678
13391.7284 12835.5556 12750.1539
13388.2716 12844.4444 12752.3525
13384.8148 12853.3333 12755.1051
13381.3580 12862.2222 12758.2279
13377.9012 12871.1111 12761.4192
13382.9383 12808.8889 12759.6722
13378.0988 12817.7778 12761.5423
13373.2593 12826.6667 12763.9913
13368.4198 12835.5556 12767.1850
13363.5802 12844.4444 12770.8882
13358.7407 12853.3333 12774.8933
13353.9012 12862.2222 12779.0008
13349.0617 12871.1111 12783.1605
13556.3827 12881.1111 12784.6862
13556.9877 12882.2222 12785.2051
13557.5926 12883.3333 12785.7253
13558.1975 12884.4444 12786.2469
13558.8025 12885.5556 12786.7701
13559.4074 12886.6667 12787.2924
13560.0123 12887.7778 12787.8121
13560.6173 12888.8889 12788.3275
13525.9877 12881.1111 12762.9208
13526.4198 12882.2222 12763.3475
13526.8519 12883.3333 12763.7798
13527.2840 12884.4444 12764.2146
13527.7160 12885.5556 12764.6489
13528.1481 12886.6667 12765.0833
13528.5802 12887.7778 12765.5179
13529.0123 12888.8889 12765.9540
13495.5926 12881.1111 12748.3073
13495.8519 12882.2222 12748.6768
13496.1111 12883.3333 12749.0547
13496.3704 12884.4444 12749.4352
13496.6296 12885.5556 12749.8153
13496.8889 12886.6667 12750.1940
13497.1481 12887.7778 12750.5724
13497.4074 12888.8889 12750.9520
13465.1975 12881.1111 12741.7207
13465.2840 12882.2222 12742.0431
13465.3704 12883.3333 12742.3727
13465.4568 12884.4444 12742.7113
13465.5432 12885.5556 12743.0567
13465.6296 12886.6667 12743.4076
13465.7160 12887.7778 12743.7626
13465.8025 12888.8889 12744.1117
13434.8025 12881.1111 12742.1327
13434.7160 12882.2222 12742.4584
13434.6296 12883.3333 12742.7938
13434.5432 12884.4444 12743.1266
13434.4568 12885.5556 12743.4726
13434.3704 12886.6667 12743.8218
13434.2840 12887.7778 12744.1662
13434.1975 12888.8889 12744.5173
13404.4074 12881.1111 12749.6142
13404.1481 12882.2222 12749.9834
13403.8889 12883.3333 12750.3609
13403.6296 12884.4444 12750.7408
13403.3704 12885.5556 12751.1203
13403.1111 12886.6667 12751.4984
13402.8519 12887.7778 12751.8763
13402.5926 12888.8889 12752.2558
13374.0123 12881.1111 12765.1458
13373.5802 12882.2222 12765.5756
13373.1481 12883.3333 12766.0104
13372.7160 12884.4444 12766.4459
13372.2840 12885.5556 12766.8799
13371.8519 12886.6667 12767.3110
13371.4198 12887.7778 12767.7397
13370.9877 12888.8889 12768.1672
13343.6173 12881.1111 12787.8098
13343.0123 12882.2222 12788.3308
13342.4074 12883.3333 12788.8551
13341.8025 12884.4444 12789.3796
13341.1975 12885.5556 12789.8980
13340.5926 12886.6667 12790.4098
13339.9877 12887.7778 12790.9162
13339.3827 12888.8889 12791.4183