8000.0000 8000.0000 8000.0000
13890.0000 12479.2426 12717.5718
14010.0000 12448.4841 12715.5036
14050.0000 12546.9395 12749.3674
13850.0000 12557.7733 12752.3363
13845.0000 12570.4078 12756.7305
14055.0000 12559.3420 12753.8030
13890.0000 12466.7671 12770.4248
14010.0000 12456.5859 12767.9147
13850.0000 12563.6449 12784.3648
13845.0000 12577.8207 12788.1083
14050.0000 12553.1027 12781.3666
14055.0000 12566.8302 12785.1902
13898.0000 12479.8569 12713.2626
13906.0000 12479.2066 12709.6920
13914.0000 12478.0892 12706.7701
13922.0000 12476.4920 12704.4617
13930.0000 12473.9907 12702.7296
13938.0000 12467.7501 12701.5490
13946.0000 12461.4704 12700.9028
13954.0000 12457.5138 12700.7810
13962.0000 12454.0503 12701.1862
13970.0000 12450.5408 12702.1209
13978.0000 12446.4782 12703.5978
13986.0000 12446.0474 12705.6388
13994.0000 12446.8310 12708.2761
14002.0000 12447.6506 12711.5408
14012.6667 12455.0344 12717.0775
14015.3333 12461.6174 12718.8193
14018.0000 12468.2555 12720.8437
14020.6667 12474.9194 12723.0010
14023.3333 12481.6315 12725.4057
14026.0000 12488.3586 12727.8876
14028.6667 12495.0483 12730.1777
14031.3333 12501.4127 12732.5517
14034.0000 12507.6265 12734.9529
14036.6667 12514.0410 12737.3763
14039.3333 12520.4828 12739.7843
14042.0000 12527.0966 12742.2027
14044.6667 12533.7106 12744.6134
14047.3333 12540.3250 12746.9914
14036.6667 12540.7434 12739.5369
14023.3333 12536.0741 12731.1737
14010.0000 12530.1166 12723.8897
13996.6667 12527.3355 12718.3833
13983.3333 12526.2814 12714.4513
13970.0000 12527.3014 12711.9594
13956.6667 12534.1651 12710.8243
13943.3333 12540.7639 12711.0051
13930.0000 12547.5194 12712.5052
13916.6667 12551.2581 12715.3857
13903.3333 12555.5007 12719.7337
13890.0000 12555.3952 12725.7079
13876.6667 12554.4228 12733.3182
13863.3333 12554.2734 12742.0927
13852.6667 12550.5605 12749.9731
13855.3333 12543.3417 12747.5934
13858.0000 12536.1159 12745.1939
13860.6667 12531.9232 12742.7705
13863.3333 12528.5072 12740.3336
13866.0000 12524.2775 12737.8668
13868.6667 12518.9288 12735.4027
13871.3333 12513.5729 12732.9599
13874.0000 12508.2061 12730.5492
13876.6667 12502.9756 12728.2600
13879.3333 12498.3827 12725.8224
13882.0000 12493.7668 12723.4299
13884.6667 12489.0452 12721.2435
13887.3333 12484.1916 12719.3145
13849.6667 12558.6683 12752.6318
13849.3333 12559.5073 12752.9283
13849.0000 12560.3468 12753.2271
13848.6667 12561.1865 12753.5279
13848.3333 12562.0262 12753.8286
13848.0000 12562.8657 12754.1282
13847.6667 12563.7050 12754.4261
13847.3333 12564.5439 12754.7215
13847.0000 12565.3824 12755.0144
13846.6667 12566.2206 12755.3048
13846.3333 12567.0585 12755.5930
13846.0000 12567.8961 12755.8796
13845.6667 12568.7335 12756.1646
13845.3333 12569.5707 12756.4482
14054.6667 12558.5151 12753.5085
14054.3333 12557.6883 12753.2134
14054.0000 12556.8614 12752.9178
14053.6667 12556.0346 12752.6226
14053.3333 12555.2078 12752.3276
14053.0000 12554.3809 12752.0323
14052.6667 12553.5541 12751.7367
14052.3333 12552.7273 12751.4409
14052.0000 12551.9004 12751.1449
14051.6667 12551.0736 12750.8486
14051.3333 12550.2468 12750.5522
14051.0000 12549.4200 12750.2558
14050.6667 12548.5932 12749.9596
14050.3333 12547.7663 12749.6635
14002.0000 12453.5663 12762.9197
13994.0000 12450.7820 12758.8582
13986.0000 12448.2361 12755.6235
13978.0000 12446.9955 12753.1367
13970.0000 12447.2764 12751.3413
13962.0000 12447.5551 12750.2081
13954.0000 12447.8583 12749.7127
13946.0000 12448.6431 12749.8484
13938.0000 12452.0920 12750.6186
13930.0000 12455.4811 12752.0331
13922.0000 12459.0168 12754.1223
13914.0000 12462.4599 12756.9255
13906.0000 12464.3527 12760.5045
13898.0000 12466.0919 12764.9588
13887.3333 12472.4202 12769.4692
13884.6667 12478.0378 12768.8320
13882.0000 12483.6015 12768.6785
13879.3333 12489.1257 12768.8787
13876.6667 12494.6075 12769.4595
13874.0000 12500.2759 12770.2867
13871.3333 12507.0976 12771.3638
13868.6667 12513.9247 12772.6180
13866.0000 12520.7564 12774.0192
13863.3333 12527.5920 12775.5465
13860.6667 12534.3495 12777.1693
13858.0000 12541.0632 12778.8732
13855.3333 12548.5435 12780.6314
13852.6667 12556.0929 12782.4812
13849.6667 12564.5897 12784.6113
13849.3333 12565.5350 12784.8647
13849.0000 12566.4804 12785.1192
13848.6667 12567.4263 12785.3788
13848.3333 12568.3721 12785.6387
13848.0000 12569.3176 12785.8947
13847.6667 12570.2629 12786.1469
13847.3333 12571.2080 12786.3969
13847.0000 12572.1529 12786.6453
13846.6667 12573.0977 12786.8914
13846.3333 12574.0425 12787.1376
13846.0000 12574.9872 12787.3826
13845.6667 12575.9319 12787.6271
13845.3333 12576.8764 12787.8694
14047.3333 12545.9470 12779.4331
14044.6667 12538.8260 12777.5690
14042.0000 12531.7493 12775.7937
14039.3333 12524.9896 12774.0842
14036.6667 12518.2955 12772.4667
14034.0000 12511.6486 12770.9558
14031.3333 12505.0637 12769.5851
14028.6667 12498.5576 12768.3921
14026.0000 12492.2711 12767.3728
14023.3333 12486.1374 12766.6406
14020.6667 12480.0544 12766.1326
14018.0000 12474.0714 12766.0662
14015.3333 12468.1443 12766.2469
14012.6667 12462.2985 12766.7867
14054.6667 12565.9037 12784.9374
14054.3333 12564.9756 12784.6813
14054.0000 12564.0470 12784.4241
14053.6667 12563.1173 12784.1645
14053.3333 12562.1878 12783.9053
14053.0000 12561.2586 12783.6467
14052.6667 12560.3299 12783.3894
14052.3333 12559.4015 12783.1324
14052.0000 12558.4989 12782.8756
14051.6667 12557.5970 12782.6190
14051.3333 12556.6953 12782.3630
14051.0000 12555.7957 12782.1110
14050.6667 12554.8971 12781.8611
14050.3333 12553.9994 12781.6129
14036.6667 12544.2906 12770.9500
14023.3333 12538.4295 12762.0401
14010.0000 12534.0086 12754.3660
13996.6667 12529.7533 12748.3882
13983.3333 12526.3796 12744.1436
13970.0000 12525.6052 12741.4590
13956.6667 12526.0396 12740.2349
13943.3333 12532.6085 12740.4214
13930.0000 12538.4707 12742.0225
13916.6667 12543.4365 12745.1101
13903.3333 12546.3871 12749.7909
13890.0000 12547.5559 12756.2689
13876.6667 12548.5221 12764.2474
13863.3333 12554.1971 12773.5571
13859.0000 12562.0873 12746.1749
13873.0000 12564.3082 12737.1082
13887.0000 12564.0276 12729.3712
13901.0000 12565.4610 12723.1345
13915.0000 12561.1674 12718.5952
13929.0000 12556.3493 12715.5900
13943.0000 12550.3075 12714.0553
13957.0000 12543.3614 12713.8798
13971.0000 12535.8538 12715.0487
13985.0000 12536.4222 12717.6644
13999.0000 12537.5290 12721.7896
14013.0000 12541.8558 12727.5614
14027.0000 12547.2298 12734.9741
14041.0000 12552.5809 12743.6432
13859.0000 12566.5504 12777.0450
13873.0000 12558.7361 12767.5242
13887.0000 12557.8142 12759.4913
13901.0000 12556.2615 12752.8070
13915.0000 12553.2497 12747.9782
13929.0000 12548.0169 12744.7936
13943.0000 12542.0836 12743.1478
13957.0000 12536.5094 12742.9644
13971.0000 12536.0507 12744.2352
13985.0000 12536.5193 12747.0259
13999.0000 12540.9020 12751.4248
14013.0000 12545.1743 12757.6089
14027.0000 12550.0549 12765.3662
14041.0000 12556.9118 12774.5042
14004.3111 12453.2279 12712.6106
14006.6222 12458.7644 12713.8033
14008.9333 12464.2830 12715.2610
14011.2444 12470.4946 12716.7994
14013.5556 12476.9646 12718.5842
14015.8667 12483.4471 12720.4336
14018.1778 12489.9633 12722.4557
14020.4889 12496.4922 12724.5428
14022.8000 12503.0437 12726.7468
14025.1111 12509.5948 12728.9479
14027.4222 12516.1132 12730.9814
14029.7333 12522.1938 12733.0934
14032.0444 12528.2619 12735.2036
14034.3556 12534.4718 12737.3621
13995.9556 12452.3572 12708.9442
13997.9111 12457.8886 12709.7030
13999.8667 12463.4355 12710.7314
14001.8222 12468.9844 12711.7935
14003.7778 12474.5400 12713.1228
14005.7333 12480.0305 12714.4809
14007.6889 12485.5217 12716.0349
14009.6444 12491.4478 12717.6534
14011.6000 12497.7842 12719.3756
14013.5556 12504.1410 12721.2024
14015.5111 12510.5030 12723.0564
14017.4667 12516.8908 12725.0428
14019.4222 12523.2749 12727.0099
14021.3778 12529.6868 12729.1202
13987.6000 12451.5280 12706.0006
13989.2000 12457.0121 12706.4256
13990.8000 12462.5119 12707.1219
13992.4000 12468.0119 12707.8240
13994.0000 12473.5282 12708.8076
13995.6000 12479.0448 12709.7975
13997.2000 12484.5739 12711.0058
13998.8000 12490.1064 12712.2726
14000.4000 12495.6114 12713.6554
14002.0000 12501.0746 12715.1711
14003.6000 12506.5380 12716.7122
14005.2000 12512.0020 12718.4344
14006.8000 12517.6262 12720.1348
14008.4000 12523.8725 12722.0178
13979.2444 12451.2128 12703.7252
13980.4889 12456.1789 12703.9014
13981.7333 12461.6360 12704.3458
13982.9778 12467.0926 12704.7786
13984.2222 12472.5661 12705.5079
13985.4667 12478.0389 12706.2244
13986.7111 12483.5254 12707.1795
13987.9556 12489.0150 12708.1881
13989.2000 12494.5120 12709.3260
13990.4444 12500.0174 12710.6114
13991.6889 12505.5243 12711.9220
13992.9333 12511.0277 12713.4494
13994.1778 12516.4631 12714.9501
13995.4222 12521.8993 12716.6730
13970.8889 12455.4896 12702.0794
13971.7778 12460.4276 12702.0714
13972.6667 12465.2746 12702.3427
13973.5556 12470.1307 12702.5863
13974.4444 12474.8880 12703.1334
13975.3333 12479.6509 12703.6633
13976.2222 12484.3352 12704.4348
13977.1111 12489.0011 12705.2630
13978.0000 12493.6220 12706.2294
13978.8889 12498.9172 12707.3510
13979.7778 12504.3868 12708.5020
13980.6667 12509.8701 12709.8904
13981.5556 12515.3517 12711.2495
13982.4444 12520.8476 12712.8576
13962.5333 12459.2234 12701.0367
13963.0667 12464.3866 12700.9164
13963.6000 12469.4550 12701.0738
13964.1333 12474.5353 12701.1962
13964.6667 12479.5098 12701.6290
13965.2000 12484.4917 12702.0401
13965.7333 12489.3898 12702.6967
13966.2667 12494.2687 12703.4096
13966.8000 12499.0985 12704.2665
13967.3333 12503.8728 12705.2860
13967.8667 12508.6381 12706.3318
13968.4000 12513.3156 12707.6353
13968.9333 12518.0052 12708.9030
13969.4667 12522.6042 12710.4363
13954.1778 12462.7986 12700.5825
13954.3556 12468.0785 12700.4087
13954.5333 12473.3017 12700.5162
13954.7111 12478.5333 12700.5820
13954.8889 12483.7017 12700.9616
13955.0667 12488.8763 12701.3112
13955.2444 12493.9987 12701.9195
13955.4222 12499.1107 12702.5793
13955.6000 12504.1938 12703.3832
13955.7778 12509.2432 12704.3539
13955.9556 12514.2875 12705.3505
13956.1333 12519.2784 12706.6119
13956.3111 12524.2768 12707.8363
13956.4889 12529.2204 12709.3330
13945.8222 12466.9310 12700.7101
13945.6444 12472.3852 12700.5493
13945.4667 12477.7853 12700.6571
13945.2889 12483.1922 12700.7307
13945.1111 12488.5366 12701.1157
13944.9333 12493.8867 12701.4716
13944.7556 12499.1854 12702.0832
13944.5778 12504.4734 12702.7477
13944.4000 12509.7325 12703.5561
13944.2222 12514.9584 12704.5295
13944.0444 12520.1789 12705.5293
13943.8667 12525.3467 12706.7913
13943.6889 12530.5218 12708.0171
13943.5111 12535.6422 12709.5141
13937.4667 12473.6387 12701.4208
13936.9333 12479.5113 12701.3240
13936.4000 12485.2451 12701.5008
13935.8667 12490.9958 12701.6441
13935.3333 12496.5909 12702.0943
13934.8000 12502.1969 12702.5229
13934.2667 12507.6798 12703.1941
13933.7333 12513.1349 12703.9201
13933.2000 12518.5177 12704.7885
13932.6667 12523.8196 12705.8163
13932.1333 12528.9990 12706.8701
13931.6000 12533.7248 12708.1771
13931.0667 12538.4725 12709.4501
13930.5333 12543.0506 12710.9842
13929.1111 12479.7293 12702.7260
13928.2222 12485.4462 12702.7560
13927.3333 12490.9832 12703.0627
13926.4444 12496.5379 12703.3422
13925.5556 12501.8992 12703.9192
13924.6667 12507.2709 12704.4803
13923.7778 12512.4894 12705.2771
13922.8889 12517.6390 12706.1288
13922.0000 12522.6201 12707.1153
13921.1111 12527.4927 12708.2524
13920.2222 12532.3452 12709.4174
13919.3333 12537.0310 12710.8141
13918.4444 12541.7389 12712.1800
13917.5556 12546.2711 12713.7901
13920.7556 12482.2328 12704.6448
13919.5111 12487.8998 12704.8773
13918.2667 12493.3777 12705.3725
13917.0222 12498.8618 12705.8589
13915.7778 12504.1390 12706.6328
13914.5333 12509.4233 12707.3970
13913.2889 12514.5430 12708.3896
13912.0444 12519.6255 12709.4341
13910.8000 12524.6195 12710.6015
13909.5556 12529.5110 12711.9111
13908.3111 12534.3865 12713.2431
13907.0667 12539.1825 12714.7827
13905.8222 12544.6537 12716.2964
13904.5778 12550.0759 12718.0205
13912.4000 12483.7512 12707.2084
13910.8000 12489.3669 12707.7109
13909.2000 12494.7927 12708.4773
13907.6000 12500.2114 12709.2536
13906.0000 12505.4345 12710.3015
13904.4000 12510.6524 12711.3567
13902.8000 12515.7206 12712.6197
13901.2000 12520.7488 12713.9384
13899.6000 12525.9899 12715.3650
13898.0000 12531.5666 12716.9159
13896.4000 12536.7537 12718.4891
13894.8000 12541.4391 12720.2276
13893.2000 12546.1319 12721.9468
13891.6000 12550.7622 12723.8309
13904.0444 12484.7734 12710.4612
13902.0889 12490.2727 12711.3244
13900.1333 12495.5855 12712.4465
13898.1778 12500.8677 12713.6113
13896.2222 12506.0615 12715.0272
13894.2667 12510.9893 12716.4768
13892.3111 12515.8592 12718.1092
13890.3556 12520.6976 12719.8028
13888.4000 12525.4895 12721.5872
13886.4444 12530.2327 12723.4666
13884.4889 12534.9672 12725.3632
13882.5333 12539.6403 12727.3792
13880.5778 12544.3172 12729.3880
13878.6222 12549.1258 12731.3702
13895.6889 12485.1394 12714.4671
13893.3778 12490.1753 12715.7949
13891.0667 12495.1351 12717.3842
13888.7556 12500.0509 12719.0593
13886.4444 12504.8474 12720.9672
13884.1333 12509.6064 12722.9484
13881.8222 12514.2921 12725.0723
13879.5111 12518.9232 12727.3028
13877.2000 12523.6152 12729.4146
13874.8889 12528.9458 12731.4697
13872.5778 12534.3093 12733.5556
13870.2667 12539.6626 12735.6715
13867.9556 12545.0138 12737.7936
13865.6444 12550.3582 12739.9357
14004.3111 12459.2931 12761.1682
14006.6222 12465.0971 12759.9377
14008.9333 12470.7319 12759.2633
14011.2444 12476.4308 12758.9300
14013.5556 12482.2279 12759.1186
14015.8667 12488.0917 12759.5626
14018.1778 12494.1427 12760.3031
14020.4889 12500.1954 12761.0512
14022.8000 12506.3083 12762.0655
14025.1111 12512.4541 12763.2249
14027.4222 12518.6312 12764.5229
14029.7333 12524.8426 12765.9721
14032.0444 12531.0750 12767.5147
14034.3556 12537.6165 12769.1835
13995.9556 12456.1709 12756.6340
13997.9111 12461.7981 12754.9023
13999.8667 12467.5108 12753.7164
14001.8222 12473.2713 12752.8367
14003.7778 12479.1186 12752.5125
14005.7333 12484.8428 12752.3715
14007.6889 12490.6019 12752.7086
14009.6444 12496.3882 12753.1903
14011.6000 12502.2381 12754.0101
14013.5556 12508.1191 12754.9953
14015.5111 12514.0360 12756.1711
14017.4667 12520.0208 12757.5667
14019.4222 12526.1241 12758.9122
14021.3778 12532.2735 12760.4617
13987.6000 12453.2332 12753.0349
13989.2000 12458.6606 12750.9266
13990.8000 12464.2119 12749.3657
13992.4000 12469.8068 12748.0842
13994.0000 12475.4927 12747.3836
13995.6000 12481.2032 12746.8409
13997.2000 12486.9953 12746.8196
13998.8000 12492.8076 12746.9276
14000.4000 12498.6797 12747.4180
14002.0000 12504.5810 12748.0950
14003.6000 12510.4751 12748.9732
14005.2000 12516.3215 12750.1249
14006.8000 12522.1772 12751.3260
14008.4000 12528.0941 12752.8526
13979.2444 12452.0571 12750.2784
13980.4889 12456.9039 12747.8889
13981.7333 12462.2610 12746.0530
13982.9778 12467.6863 12744.4796
13984.2222 12473.1136 12743.5068
13985.4667 12478.5413 12742.6729
13986.7111 12483.9709 12742.3940
13987.9556 12489.4009 12742.2467
13989.2000 12494.8322 12742.4901
13990.4444 12500.4380 12742.9430
13991.6889 12506.2343 12743.6055
13992.9333 12512.0806 12744.5872
13994.1778 12517.9342 12745.6156
13995.4222 12523.8452 12747.0112
13970.8889 12452.1126 12748.2946
13971.7778 12456.9424 12745.7118
13972.6667 12461.8699 12743.6776
13973.5556 12466.9421 12741.9013
13974.4444 12472.3410 12740.7379
13975.3333 12477.7403 12739.7048
13976.2222 12483.1415 12739.2453
13977.1111 12488.5431 12738.9083
13978.0000 12493.9462 12738.9923
13978.8889 12499.3499 12739.2883
13979.7778 12504.7543 12739.8046
13980.6667 12510.1599 12740.6618
13981.5556 12515.5656 12741.5636
13982.4444 12520.9727 12742.8658
13962.5333 12452.2979 12747.0395
13963.0667 12457.1238 12744.3373
13963.6000 12462.0462 12742.1768
13964.1333 12467.0143 12740.2728
13964.6667 12472.0930 12738.9898
13965.2000 12477.1939 12737.8314
13965.7333 12482.3990 12737.2583
13966.2667 12487.6894 12736.8016
13966.8000 12493.0643 12736.7857
13967.3333 12498.4399 12736.9793
13967.8667 12503.8164 12737.4115
13968.4000 12509.1939 12738.1806
13968.9333 12514.5716 12739.0021
13969.4667 12520.0812 12740.2422
13954.1778 12452.6094 12746.4930
13954.3556 12457.4405 12743.7224
13954.5333 12462.3717 12741.5134
13954.7111 12467.3459 12739.5464
13954.8889 12472.5509 12738.2093
13955.0667 12478.0678 12736.9936
13955.2444 12483.4414 12736.3676
13955.4222 12488.7871 12735.8570
13955.6000 12494.0248 12735.7906
13955.7778 12499.2102 12735.9397
13955.9556 12504.3399 12736.3181
13956.1333 12509.4991 12737.0543
13956.3111 12514.9636 12737.8394
13956.4889 12520.5026 12739.0428
13945.8222 12454.8691 12746.6333
13945.6444 12460.9844 12743.8735
13945.4667 12466.9646 12741.6699
13945.2889 12472.8856 12739.7106
13945.1111 12478.6541 12738.3786
13944.9333 12484.3935 12737.1667
13944.7556 12489.9893 12736.5459
13944.5778 12495.5576 12736.0388
13944.4000 12501.0180 12735.9753
13944.2222 12506.4264 12736.1264
13944.0444 12511.7795 12736.5049
13943.8667 12517.0454 12737.2424
13943.6889 12522.2998 12738.0276
13943.5111 12527.4523 12739.2319
13937.4667 12458.6878 12747.4721
13936.9333 12465.1320 12744.7913
13936.4000 12471.3505 12742.6520
13935.8667 12477.4833 12740.7679
13935.3333 12483.4370 12739.5005
13934.8000 12489.3542 12738.3588
13934.2667 12495.1027 12737.7981
13933.7333 12500.8179 12737.3520
13933.2000 12506.4059 12737.3438
13932.6667 12511.9334 12737.5443
13932.1333 12517.3921 12737.9816
13931.6000 12522.7545 12738.7507
13931.0667 12528.1017 12739.5720
13930.5333 12533.2926 12740.8112
13929.1111 12461.9230 12749.0279
13928.2222 12468.4818 12746.4844
13927.3333 12474.8645 12744.4823
13926.4444 12481.1623 12742.7412
13925.5556 12487.2628 12741.6065
13924.6667 12493.3214 12740.6004
13923.7778 12499.1953 12740.1625
13922.8889 12505.0284 12739.8496
13922.0000 12510.7286 12739.9455
13921.1111 12516.3600 12740.2527
13920.2222 12521.9209 12740.7764
13919.3333 12527.3732 12741.6344
13918.4444 12532.8106 12742.5379
13917.5556 12538.1196 12743.8361
13920.7556 12464.9172 12751.3246
13919.5111 12471.5660 12748.9940
13918.2667 12478.0372 12747.2092
13917.0222 12484.4221 12745.6896
13915.7778 12490.6155 12744.7585
13914.5333 12496.7625 12743.9704
13913.2889 12502.7338 12743.7222
13912.0444 12508.5715 12743.6017
13910.8000 12514.2909 12743.8733
13909.5556 12519.9572 12744.3435
13908.3111 12525.5684 12745.0190
13907.0667 12531.0972 12746.0025
13905.8222 12536.5495 12747.0313
13904.5778 12541.3647 12748.4211
13912.4000 12468.5946 12754.4200
13910.8000 12474.6368 12752.3923
13909.2000 12480.8943 12750.9061
13907.6000 12487.2426 12749.7025
13906.0000 12493.1121 12749.0633
13904.4000 12498.6369 12748.5854
13902.8000 12504.0322 12748.6111
13901.2000 12509.5466 12748.7716
13899.6000 12514.9874 12749.2926
13898.0000 12520.3910 12749.9962
13896.4000 12525.7562 12750.8880
13894.8000 12531.1038 12752.0481
13893.2000 12536.5962 12753.2553
13891.6000 12542.0758 12754.7688
13904.0444 12470.6729 12758.3933
13902.0889 12476.6209 12756.7739
13900.1333 12482.2548 12755.6955
13898.1778 12487.8759 12754.9224
13896.2222 12493.4746 12754.6900
13894.2667 12499.0656 12754.6442
13892.3111 12504.6375 12755.0554
13890.3556 12510.2038 12755.6031
13888.4000 12515.7564 12756.4799
13886.4444 12521.3018 12757.5281
13884.4889 12526.8450 12758.6305
13882.5333 12532.3830 12759.8585
13880.5778 12537.8868 12761.1614
13878.6222 12543.2061 12762.6891
13895.6889 12471.8505 12763.3602
13893.3778 12477.5307 12762.2876
13891.0667 12483.1883 12761.7560
13888.7556 12488.8299 12761.6099
13886.4444 12494.4536 12761.8948
13884.1333 12500.0758 12762.2150
13881.8222 12505.5969 12762.8693
13879.5111 12511.0243 12763.6827
13877.2000 12516.4274 12764.7135
13874.8889 12521.8146 12765.8883
13872.5778 12527.6230 12767.1968
13870.2667 12534.2620 12768.6403
13867.9556 12540.9041 12770.1830
13865.6444 12547.5493 12771.8273
14036.9556 12541.5274 12739.8101
14037.2444 12542.3114 12740.0834
14037.5333 12543.0954 12740.3564
14037.8222 12543.8793 12740.6291
14038.1111 12544.6633 12740.9017
14038.4000 12545.4472 12741.1742
14038.6889 12546.2312 12741.4468
14038.9778 12547.0152 12741.7197
14039.2667 12547.7991 12741.9929
14039.5556 12548.5831 12742.2667
14039.8444 12549.3671 12742.5411
14040.1333 12550.1654 12742.8160
14040.4222 12550.9706 12743.0917
14040.7111 12551.7758 12743.3675
14023.5778 12536.8179 12731.4221
14023.8222 12537.5617 12731.6723
14024.0667 12538.3054 12731.9253
14024.3111 12539.0491 12732.1777
14024.5556 12539.7929 12732.4298
14024.8000 12540.5366 12732.6819
14025.0444 12541.2804 12732.9347
14025.2889 12542.0241 12733.1882
14025.5333 12542.7678 12733.4421
14025.7778 12543.5115 12733.6964
14026.0222 12544.2552 12733.9509
14026.2667 12544.9989 12734.2056
14026.5111 12545.7425 12734.4613
14026.7556 12546.4862 12734.7176
14010.2000 12530.8978 12724.1269
14010.4000 12531.6793 12724.3662
14010.6000 12532.4614 12724.6082
14010.8000 12533.2439 12724.8525
14011.0000 12534.0268 12725.0988
14011.2000 12534.8100 12725.3464
14011.4000 12535.5931 12725.5939
14011.6000 12536.3760 12725.8402
14011.8000 12537.1588 12726.0859
14012.0000 12537.9416 12726.3313
14012.2000 12538.7243 12726.5768
14012.4000 12539.5071 12726.8225
14012.6000 12540.2900 12727.0688
14012.8000 12541.0729 12727.3151
13996.8222 12528.0150 12718.6009
13996.9778 12528.6946 12718.8214
13997.1333 12529.3741 12719.0451
13997.2889 12530.0537 12719.2718
13997.4444 12530.7333 12719.5007
13997.6000 12531.4128 12719.7311
13997.7556 12532.0924 12719.9616
13997.9111 12532.7720 12720.1907
13998.0667 12533.4515 12720.4193
13998.2222 12534.1311 12720.6474
13998.3778 12534.8107 12720.8752
13998.5333 12535.4902 12721.1033
13998.6889 12536.1698 12721.3320
13998.8444 12536.8494 12721.5609
13983.4444 12526.9574 12714.6548
13983.5556 12527.6334 12714.8615
13983.6667 12528.3095 12715.0719
13983.7778 12528.9855 12715.2858
13983.8889 12529.6616 12715.5022
13984.0000 12530.3376 12715.7201
13984.1111 12531.0137 12715.9384
13984.2222 12531.6898 12716.1551
13984.3333 12532.3658 12716.3711
13984.4444 12533.0419 12716.5865
13984.5556 12533.7179 12716.8014
13984.6667 12534.3940 12717.0167
13984.7778 12535.0700 12717.2327
13984.8889 12535.7461 12717.4487
13970.0667 12527.8959 12712.1529
13970.1333 12528.4900 12712.3486
13970.2000 12529.0835 12712.5472
13970.2667 12529.6763 12712.7493
13970.3333 12530.2686 12712.9544
13970.4000 12530.8603 12713.1615
13970.4667 12531.4519 12713.3699
13970.5333 12532.0362 12713.5760
13970.6000 12532.5838 12713.7811
13970.6667 12533.1295 12713.9906
13970.7333 12533.6744 12714.2021
13970.8000 12534.2176 12714.4178
13970.8667 12534.7630 12714.6280
13970.9333 12535.3086 12714.8380
13956.6889 12534.7829 12711.0121
13956.7111 12535.4005 12711.2007
13956.7333 12536.0178 12711.3914
13956.7556 12536.6342 12711.5862
13956.7778 12537.2493 12711.7874
13956.8000 12537.8641 12711.9898
13956.8222 12538.4790 12712.1923
13956.8444 12539.0933 12712.3973
13956.8667 12539.7072 12712.6046
13956.8889 12540.3206 12712.8140
13956.9111 12540.9337 12713.0254
13956.9333 12541.5464 12713.2388
13956.9556 12542.1587 12713.4538
13956.9778 12542.7711 12713.6685
13943.3111 12541.4038 12711.1931
13943.2889 12542.0435 12711.3819
13943.2667 12542.6828 12711.5728
13943.2444 12543.3214 12711.7674
13943.2222 12543.9591 12711.9660
13943.2000 12544.5961 12712.1683
13943.1778 12545.2323 12712.3744
13943.1556 12545.8679 12712.5838
13943.1333 12546.5043 12712.7891
13943.1111 12547.1404 12712.9963
13943.0889 12547.7760 12713.2054
13943.0667 12548.4112 12713.4165
13943.0444 12549.0461 12713.6292
13943.0222 12549.6807 12713.8434
13929.9333 12548.0735 12712.6989
13929.8667 12548.6254 12712.8957
13929.8000 12549.1738 12713.0972
13929.7333 12549.7195 12713.3026
13929.6667 12550.2629 12713.5111
13929.6000 12550.8049 12713.7215
13929.5333 12551.3469 12713.9319
13929.4667 12551.8905 12714.1402
13929.4000 12552.4811 12714.3476
13929.3333 12553.1257 12714.5549
13929.2667 12553.7704 12714.7622
13929.2000 12554.4149 12714.9701
13929.1333 12555.0594 12715.1778
13929.0667 12555.7042 12715.3845
13916.5556 12551.9212 12715.5892
13916.4444 12552.5836 12715.7956
13916.3333 12553.2451 12716.0057
13916.2222 12553.9058 12716.2192
13916.1111 12554.5659 12716.4353
13916.0000 12555.2257 12716.6530
13915.8889 12555.8854 12716.8709
13915.7778 12556.5455 12717.0872
13915.6667 12557.2056 12717.3030
13915.5556 12557.8660 12717.5181
13915.4444 12558.5265 12717.7328
13915.3333 12559.1868 12717.9478
13915.2222 12559.8470 12718.1635
13915.1111 12560.5072 12718.3795
13903.1778 12556.1774 12719.9514
13903.0222 12556.8424 12720.1716
13902.8667 12557.5066 12720.3950
13902.7111 12558.1700 12720.6211
13902.5556 12558.8328 12720.8495
13902.4000 12559.4953 12721.0795
13902.2444 12560.1576 12721.3096
13902.0889 12560.8204 12721.5383
13901.9333 12561.4833 12721.7664
13901.7778 12562.1463 12721.9943
13901.6222 12562.8093 12722.2219
13901.4667 12563.4724 12722.4496
13901.3111 12564.1352 12722.6779
13901.1556 12564.7981 12722.9063
13889.8000 12555.9733 12725.9452
13889.6000 12556.5507 12726.1844
13889.4000 12557.1269 12726.4266
13889.2000 12557.7023 12726.6711
13889.0000 12558.2772 12726.9168
13888.8000 12558.8517 12727.1637
13888.6000 12559.4262 12727.4106
13888.4000 12560.0011 12727.6563
13888.2000 12560.5763 12727.9014
13888.0000 12561.1515 12728.1463
13887.8000 12561.7268 12728.3912
13887.6000 12562.3020 12728.6361
13887.4000 12562.8772 12728.8811
13887.2000 12563.4524 12729.1262
13876.4222 12555.0832 12733.5666
13876.1778 12555.7432 12733.8166
13875.9333 12556.4022 12734.0692
13875.6889 12557.0604 12734.3242
13875.4444 12557.7185 12734.5798
13875.2000 12558.3763 12734.8360
13874.9556 12559.0342 12735.0922
13874.7111 12559.6925 12735.3469
13874.4667 12560.3512 12735.6006
13874.2222 12561.0102 12735.8533
13873.9778 12561.6694 12736.1054
13873.7333 12562.3288 12736.3569
13873.4889 12562.9884 12736.6079
13873.2444 12563.6482 12736.8584
13863.0444 12554.7279 12742.3653
13862.7556 12555.1817 12742.6394
13862.4667 12555.6342 12742.9159
13862.1778 12556.0858 12743.1944
13861.8889 12556.5373 12743.4729
13861.6000 12556.9891 12743.7508
13861.3111 12557.4415 12744.0275
13861.0222 12557.8950 12744.3022
13860.7333 12558.3495 12744.5749
13860.4444 12558.8051 12744.8455
13860.1556 12559.2616 12745.1142
13859.8667 12559.7189 12745.3813
13859.5778 12560.3410 12745.6471
13859.2889 12561.2143 12745.9115
14036.9556 12545.1274 12771.1764
14037.2444 12545.9652 12771.4053
14037.5333 12546.8040 12771.6364
14037.8222 12547.6437 12771.8694
14038.1111 12548.4840 12772.1039
14038.4000 12549.3246 12772.3389
14038.6889 12550.1656 12772.5749
14038.9778 12551.0071 12772.8121
14039.2667 12551.8492 12773.0507
14039.5556 12552.6919 12773.2906
14039.8444 12553.5352 12773.5318
14040.1333 12554.3790 12773.7741
14040.4222 12555.2231 12774.0172
14040.7111 12556.0675 12774.2608
14023.5778 12539.2019 12762.2502
14023.8222 12539.9753 12762.4647
14024.0667 12540.7495 12762.6829
14024.3111 12541.5244 12762.9041
14024.5556 12542.2997 12763.1272
14024.8000 12543.0749 12763.3496
14025.0444 12543.8498 12763.5709
14025.2889 12544.6248 12763.7924
14025.5333 12545.3999 12764.0144
14025.7778 12546.1752 12764.2373
14026.0222 12546.9508 12764.4615
14026.2667 12547.7266 12764.6868
14026.5111 12548.5026 12764.9129
14026.7556 12549.2788 12765.1396
14010.2000 12534.7505 12754.5691
14010.4000 12535.4940 12754.7804
14010.6000 12536.2382 12754.9958
14010.8000 12536.9829 12755.2136
14011.0000 12537.7281 12755.4342
14011.2000 12538.4731 12755.6536
14011.4000 12539.2177 12755.8710
14011.6000 12539.9622 12756.0878
14011.8000 12540.7066 12756.3043
14012.0000 12541.4510 12756.5206
14012.2000 12542.1956 12756.7378
14012.4000 12542.9402 12756.9552
14012.6000 12543.6849 12757.1730
14012.8000 12544.4296 12757.3910
13996.8222 12530.4943 12748.5762
13996.9778 12531.2366 12748.7727
13997.1333 12531.9796 12748.9739
13997.2889 12532.7233 12749.1788
13997.4444 12533.4673 12749.3861
13997.6000 12534.2111 12749.5922
13997.7556 12534.9547 12749.7966
13997.9111 12535.6981 12749.9999
13998.0667 12536.4413 12750.2023
13998.2222 12537.1845 12750.4046
13998.3778 12537.9279 12750.6080
13998.5333 12538.6715 12750.8122
13998.6889 12539.4150 12751.0165
13998.8444 12540.1585 12751.2207
13983.4444 12527.0556 12744.3201
13983.5556 12527.7315 12744.5066
13983.6667 12528.4075 12744.6989
13983.7778 12529.0835 12744.8935
13983.8889 12529.7595 12745.0896
13984.0000 12530.4355 12745.2858
13984.1111 12531.1115 12745.4795
13984.2222 12531.7874 12745.6721
13984.3333 12532.4634 12745.8643
13984.4444 12533.1394 12746.0566
13984.5556 12533.8154 12746.2495
13984.6667 12534.4914 12746.4432
13984.7778 12535.1673 12746.6374
13984.8889 12535.8433 12746.8318
13970.0667 12526.2983 12741.6262
13970.1333 12526.9935 12741.8046
13970.2000 12527.6892 12741.9856
13970.2667 12528.3846 12742.1654
13970.3333 12529.0804 12742.3472
13970.4000 12529.7770 12742.5335
13970.4667 12530.4746 12742.7254
13970.5333 12531.1721 12742.9169
13970.6000 12531.8684 12743.1015
13970.6667 12532.5652 12743.2892
13970.7333 12533.2622 12743.4777
13970.8000 12533.9592 12743.6664
13970.8667 12534.6563 12743.8554
13970.9333 12535.3537 12744.0464
13956.6889 12526.7327 12740.3897
13956.7111 12527.4268 12740.5498
13956.7333 12528.1223 12740.7176
13956.7556 12528.8195 12740.8951
13956.7778 12529.5162 12741.0702
13956.8000 12530.2135 12741.2478
13956.8222 12530.9114 12741.4295
13956.8444 12531.6100 12741.6151
13956.8667 12532.3093 12741.8044
13956.8889 12533.0093 12741.9972
13956.9111 12533.7098 12742.1933
13956.9333 12534.4107 12742.3920
13956.9556 12535.1114 12742.5891
13956.9778 12535.8112 12742.7809
13943.3111 12533.2514 12740.5764
13943.2889 12533.8931 12740.7370
13943.2667 12534.5332 12740.9038
13943.2444 12535.1719 12741.0765
13943.2222 12535.8092 12741.2550
13943.2000 12536.4448 12741.4401
13943.1778 12537.0798 12741.6283
13943.1556 12537.7162 12741.8104
13943.1333 12538.3516 12741.9963
13943.1111 12538.9770 12742.1857
13943.0889 12539.5983 12742.3783
13943.0667 12540.2186 12742.5740
13943.0444 12540.8386 12742.7713
13943.0222 12541.4599 12742.9637
13929.9333 12539.1124 12742.1909
13929.8667 12539.7507 12742.3698
13929.8000 12540.3872 12742.5542
13929.7333 12541.0231 12742.7407
13929.6667 12541.6574 12742.9318
13929.6000 12542.2923 12743.1214
13929.5333 12542.9282 12743.3076
13929.4667 12543.5645 12743.4928
13929.4000 12544.2009 12743.6776
13929.3333 12544.8372 12743.8627
13929.2667 12545.4731 12744.0490
13929.2000 12546.1090 12744.2354
13929.1333 12546.7448 12744.4219
13929.0667 12547.3807 12744.6082
13916.5556 12544.0957 12745.2858
13916.4444 12544.7518 12745.4715
13916.3333 12545.4060 12745.6627
13916.2222 12546.0593 12745.8567
13916.1111 12546.7123 12746.0517
13916.0000 12547.3653 12746.2466
13915.8889 12548.0188 12746.4398
13915.7778 12548.6728 12746.6319
13915.6667 12549.3269 12746.8232
13915.5556 12549.9812 12747.0143
13915.4444 12550.6351 12747.2064
13915.3333 12551.2889 12747.3990
13915.2222 12551.9425 12747.5921
13915.1111 12552.5960 12747.7853
13903.1778 12547.0364 12749.9782
13903.0222 12547.6842 12750.1725
13902.8667 12548.3309 12750.3726
13902.7111 12548.9766 12750.5769
13902.5556 12549.6219 12750.7837
13902.4000 12550.2676 12750.9885
13902.2444 12550.9138 12751.1911
13902.0889 12551.5600 12751.3931
13901.9333 12552.2064 12751.5943
13901.7778 12552.8686 12751.7950
13901.6222 12553.5472 12751.9968
13901.4667 12554.2258 12752.1994
13901.3111 12554.9044 12752.4022
13901.1556 12555.5829 12752.6048
13889.8000 12548.2404 12756.4708
13889.6000 12548.9245 12756.6807
13889.4000 12549.6084 12756.8949
13889.2000 12550.2922 12757.1114
13889.0000 12550.9760 12757.3291
13888.8000 12551.6597 12757.5470
13888.6000 12552.3435 12757.7642
13888.4000 12553.0273 12757.9809
13888.2000 12553.7111 12758.1970
13888.0000 12554.3950 12758.4122
13887.8000 12555.0789 12758.6262
13887.6000 12555.7628 12758.8418
13887.4000 12556.4466 12759.0589
13887.2000 12557.1304 12759.2759
13876.4222 12549.1849 12764.4570
13876.1778 12549.8469 12764.6742
13875.9333 12550.5085 12764.8949
13875.6889 12551.1698 12765.1178
13875.4444 12551.8309 12765.3429
13875.2000 12552.4922 12765.5666
13874.9556 12553.1538 12765.7878
13874.7111 12553.8155 12766.0077
13874.4667 12554.4773 12766.2263
13874.2222 12555.1393 12766.4437
13873.9778 12555.8013 12766.6608
13873.7333 12556.4633 12766.8774
13873.4889 12557.1254 12767.0936
13873.2444 12557.9294 12767.3092
13863.0444 12555.0285 12773.7846
13862.7556 12555.8600 12774.0195
13862.4667 12556.6917 12774.2577
13862.1778 12557.5234 12774.4973
13861.8889 12558.3552 12774.7390
13861.6000 12559.1869 12774.9790
13861.3111 12560.0185 12775.2157
13861.0222 12560.8381 12775.4497
13860.7333 12561.6542 12775.6811
13860.4444 12562.4702 12775.9107
13860.1556 12563.2862 12776.1393
13859.8667 12564.1023 12776.3683
13859.5778 12564.9183 12776.5957
13859.2889 12565.7343 12776.8216