300.0000 300.0000 300.0000
13890.0000 12467.5864 12772.5239
14010.0000 12457.0882 12771.8345
14058.0000 12556.9965 12785.3286
13842.0000 12569.0044 12786.3937
13836.0000 12582.8113 12788.1033
14064.0000 12570.3467 12787.0463
13890.0000 12465.6123 12780.4248
14010.0000 12459.1424 12777.9147
13842.0000 12571.9412 12801.5581
13836.0000 12587.8775 12806.0334
14058.0000 12563.0820 12798.3181
14064.0000 12577.7587 12802.7484
13907.1429 12462.8096 12769.7436
13924.2857 12457.7183 12767.9715
13941.4286 12451.1415 12767.0687
13958.5714 12448.4751 12766.9827
13975.7143 12448.5539 12767.7081
13992.8571 12452.6105 12769.2856
14016.8571 12470.8552 12773.2799
14023.7143 12484.7659 12775.1422
14030.5714 12498.7324 12777.1305
14037.4286 12512.7260 12779.1800
14044.2857 12527.1122 12781.2664
14051.1429 12541.7671 12783.3197
14027.1429 12543.9150 12777.8016
13996.2857 12534.2446 12772.7501
13965.4286 12528.4751 12770.4731
13934.5714 12533.6069 12770.6130
13903.7143 12543.2840 12773.1959
13872.8571 12551.4851 12778.5592
13848.8571 12552.9209 12784.3930
13855.7143 12535.9954 12782.3202
13862.5714 12520.4041 12780.1994
13869.4286 12506.9921 12778.0856
13876.2857 12493.9558 12776.0908
13883.1429 12480.9138 12774.1158
13841.1429 12570.9761 12786.6395
13840.2857 12572.9485 12786.8884
13839.4286 12574.9210 12787.1377
13838.5714 12576.8929 12787.3842
13837.7143 12578.8639 12787.6267
13836.8571 12580.8341 12787.8661
14063.1429 12568.4431 12786.8086
14062.2857 12566.5377 12786.5670
14061.4286 12564.6305 12786.3216
14060.5714 12562.7220 12786.0734
14059.7143 12560.8130 12785.8240
14058.8571 12558.9043 12785.5754
13992.8571 12452.3655 12768.3480
13975.7143 12447.5953 12762.5537
13958.5714 12448.2820 12759.9183
13941.4286 12450.4903 12760.2108
13924.2857 12458.6132 12763.4545
13907.1429 12462.7745 12769.9431
13883.1429 12479.3469 12779.6379
13876.2857 12492.5911 12780.9002
13869.4286 12505.3939 12783.7372
13862.5714 12520.3744 12787.5545
13855.7143 12536.7196 12791.9639
13848.8571 12553.8439 12796.6840
13841.1429 12574.2185 12802.2015
13840.2857 12576.4989 12802.8620
13839.4286 12578.7785 12803.5178
13838.5714 12581.0554 12804.1585
13837.7143 12583.3307 12804.7907
13836.8571 12585.6050 12805.4171
14051.1429 12546.8035 12793.3894
14044.2857 12530.8212 12788.6823
14037.4286 12515.0252 12784.3477
14030.5714 12500.2958 12780.6617
14023.7143 12486.0524 12778.0480
14016.8571 12472.4698 12777.0819
14063.1429 12575.6561 12802.1580
14062.2857 12573.5535 12801.5423
14061.4286 12571.4670 12800.9141
14060.5714 12569.3748 12800.2738
14059.7143 12567.2759 12799.6192
14058.8571 12565.1760 12798.9623
14027.1429 12542.4222 12774.4299
13996.2857 12530.7937 12758.2442
13965.4286 12527.0613 12750.8779
13934.5714 12535.4881 12751.3116
13903.7143 12545.6647 12759.6337
13872.8571 12551.9987 12776.7491
13868.5714 12562.4523 12779.9389
13901.1429 12553.8900 12774.3600
13933.7143 12543.9703 12771.6379
13966.2857 12538.4751 12771.5008
13998.8571 12545.0951 12773.9132
14031.4286 12555.5636 12779.1853
13868.5714 12562.3295 12780.3716
13901.1429 12555.9282 12762.7488
13933.7143 12545.6836 12754.0716
13966.2857 12537.4513 12753.6449
13998.8571 12542.0254 12761.3713
14031.4286 12555.0776 12778.0874
13997.7551 12465.2371 12769.8858
14002.6531 12477.9357 12770.7616
14007.5510 12490.6977 12771.8796
14012.4490 12504.0385 12773.1967
14017.3469 12517.3003 12774.6631
14022.2449 12530.6126 12776.2434
13978.6531 12460.6373 12767.8233
13981.5918 12472.7796 12768.1640
13984.5306 12484.9775 12768.7172
13987.4694 12497.2272 12769.4687
13990.4082 12509.5241 12770.4008
13993.3469 12521.8646 12771.5002
13959.5510 12459.9037 12766.8819
13960.5306 12471.3323 12766.9838
13961.5102 12482.7608 12767.2930
13962.4898 12494.1894 12767.8013
13963.4694 12505.6180 12768.5046
13964.4490 12517.0465 12769.3988
13940.4490 12462.8659 12766.9810
13939.4694 12474.6093 12767.0946
13938.4898 12486.3724 12767.4141
13937.5102 12498.1541 12767.9308
13936.5306 12509.9542 12768.6404
13935.5510 12521.7721 12769.5380
13921.3469 12470.0454 12768.1285
13918.4082 12482.3335 12768.5078
13915.4694 12494.5850 12769.0960
13912.5306 12506.8027 12769.8761
13909.5918 12518.9902 12770.8288
13906.6531 12531.1496 12771.9409
13902.2449 12475.6621 12770.4246
13897.3469 12488.4665 12771.3801
13892.4490 12501.1264 12772.5732
13887.5510 12513.8480 12773.9539
13882.6531 12526.3996 12775.4684
13877.7551 12538.9399 12777.0226
13997.7551 12463.8274 12764.4907
14002.6531 12476.2127 12762.8665
14007.5510 12489.0113 12763.0919
14012.4490 12501.6600 12764.7535
14017.3469 12514.8185 12767.5044
14022.2449 12528.1496 12770.6805
13978.6531 12458.4888 12757.0370
13981.5918 12469.5284 12753.6096
13984.5306 12480.7765 12751.9839
13987.4694 12492.9650 12751.8705
13990.4082 12505.4195 12753.0036
13993.3469 12518.0384 12755.1877
13959.5510 12459.2238 12753.6694
13960.5306 12469.9074 12749.4705
13961.5102 12480.8600 12747.0676
13962.4898 12492.0883 12746.2121
13963.4694 12503.5524 12746.6808
13964.4490 12515.2194 12748.2883
13940.4490 12463.0784 12753.9996
13939.4694 12475.5760 12749.8363
13938.4898 12487.9762 12747.4635
13937.5102 12500.1106 12746.6290
13936.5306 12511.9404 12747.1112
13935.5510 12523.7705 12748.7240
13921.3469 12472.0272 12758.0675
13918.4082 12485.0025 12754.7648
13915.4694 12497.6043 12753.2360
13912.5306 12509.8930 12753.1952
13909.5918 12521.9240 12754.3778
13906.6531 12533.8457 12756.5820
13902.2449 12476.3761 12766.3574
13897.3469 12489.1933 12764.9997
13892.4490 12501.2434 12765.4551
13887.5510 12513.2344 12767.3303
13882.6531 12526.4636 12769.9018
13877.7551 12540.0416 12773.0420
14027.7551 12545.5781 12777.9971
14028.3673 12547.2422 12778.1946
14028.9796 12548.9066 12778.3930
14029.5918 12550.5708 12778.5909
14030.2041 12552.2348 12778.7886
14030.8163 12553.8991 12778.9867
13996.6531 12535.7931 12772.9105
13997.0204 12537.3430 12773.0759
13997.3878 12538.8936 12773.2441
13997.7551 12540.4442 12773.4119
13998.1224 12541.9944 12773.5788
13998.4898 12543.5447 12773.7458
13965.5510 12529.9037 12770.6107
13965.6735 12531.3323 12770.7521
13965.7959 12532.7608 12770.8968
13965.9184 12534.1894 12771.0460
13966.0408 12535.6180 12771.1976
13966.1633 12537.0465 12771.3493
13934.4490 12535.0866 12770.7512
13934.3265 12536.5668 12770.8943
13934.2041 12538.0472 12771.0401
13934.0816 12539.5277 12771.1867
13933.9592 12541.0087 12771.3384
13933.8367 12542.4895 12771.4876
13903.3469 12544.8001 12773.3568
13902.9796 12546.3154 12773.5222
13902.6122 12547.8302 12773.6905
13902.2449 12549.3451 12773.8584
13901.8776 12550.8601 12774.0254
13901.5102 12552.3751 12774.1926
13872.2449 12553.0522 12778.7550
13871.6327 12554.6185 12778.9537
13871.0204 12556.1844 12779.1539
13870.4082 12557.7506 12779.3528
13869.7959 12559.3173 12779.5498
13869.1837 12560.8846 12779.7452
14027.7551 12544.2218 12774.9336
14028.3673 12546.0272 12775.4504
14028.9796 12547.8345 12775.9714
14029.5918 12549.6421 12776.4934
14030.2041 12551.4516 12777.0195
14030.8163 12553.2643 12777.5528
13996.6531 12532.3951 12758.6706
13997.0204 12534.0001 12759.1205
13997.3878 12535.6058 12759.5749
13997.7551 12537.2107 12760.0235
13998.1224 12538.8153 12760.4706
13998.4898 12540.4204 12760.9210
13965.5510 12528.5470 12751.2320
13965.6735 12530.0365 12751.6076
13965.7959 12531.5282 12751.9957
13965.9184 12533.0236 12752.4048
13966.0408 12534.5208 12752.8235
13966.1633 12536.0002 12753.2339
13934.4490 12536.9486 12751.6710
13934.3265 12538.4058 12752.0595
13934.2041 12539.8618 12752.4583
13934.0816 12541.3191 12752.8453
13933.9592 12542.7734 12753.2584
13933.8367 12544.2285 12753.6656
13903.3469 12547.1345 12760.0584
13902.9796 12548.6000 12760.5073
13902.6122 12550.0647 12760.9610
13902.2449 12551.5306 12761.4079
13901.8776 12552.9969 12761.8528
13901.5102 12554.4625 12762.3010
13872.2449 12553.4758 12777.2623
13871.6327 12554.9481 12777.7922
13871.0204 12556.4199 12778.3237
13870.4082 12557.8948 12778.8446
13869.7959 12559.3719 12779.3576
13869.1837 12560.8502 12779.8665