300.0000 300.0000 300.0000
13370.0000 12459.9716 12748.1366
13530.0000 12473.3470 12746.2756
13586.0000 12591.5334 12796.8023
13314.0000 12578.1646 12800.7806
13307.0000 12591.5069 12799.5796
13593.0000 12605.9034 12799.5146
13370.0000 12463.7197 12768.9597
13530.0000 12473.2851 12769.4465
13314.0000 12585.4730 12817.3836
13307.0000 12601.3360 12822.9632
13586.0000 12598.3763 12813.3397
13593.0000 12613.7804 12818.8788
13380.6667 12456.1774 12743.1436
13391.3333 12453.0821 12739.0404
13402.0000 12450.0537 12732.3632
13412.6667 12447.9282 12727.3111
13423.3333 12447.1453 12723.6467
13434.0000 12448.2347 12721.2137
13444.6667 12451.4101 12719.9300
13455.3333 12458.9492 12719.7500
13466.0000 12466.0627 12720.6651
13476.6667 12471.2711 12722.7102
13487.3333 12474.2908 12725.9552
13498.0000 12475.1994 12730.5212
13508.6667 12474.1199 12736.6305
13519.3333 12473.0857 12743.1496
13533.7333 12478.4554 12749.8786
13537.4667 12484.2778 12754.0776
13541.2000 12490.2750 12754.0776
13544.9333 12496.8138 12755.6456
13548.6667 12505.3973 12761.7386
13552.4000 12513.9657 12766.1526
13556.1333 12522.3952 12770.5706
13559.8667 12530.8558 12775.0796
13563.6000 12539.9169 12779.5265
13567.3333 12548.3914 12782.6070
13571.0667 12556.9181 12785.6331
13574.8000 12565.8407 12788.5410
13578.5333 12574.6534 12791.3599
13582.2667 12583.1727 12794.1298
13567.8667 12573.1467 12777.5809
13549.7333 12557.5930 12761.0832
13531.6000 12551.3105 12747.3352
13513.4667 12552.6176 12736.1995
13495.3333 12553.7109 12727.8645
13477.2000 12549.4671 12722.7024
13459.0667 12539.3545 12720.3354
13440.9333 12527.7300 12720.5879
13422.8000 12524.9735 12723.4806
13404.6667 12527.0658 12729.2218
13386.5333 12531.9498 12738.2669
13368.4000 12538.4310 12749.7954
13350.2667 12546.2687 12764.0742
13332.1333 12559.2786 12781.1125
13317.7333 12569.7480 12798.2300
13321.4667 12561.2469 12795.4884
13325.2000 12552.7331 12792.6950
13328.9333 12544.1735 12789.7603
13332.6667 12535.6310 12786.7497
13336.4000 12527.0403 12783.6655
13340.1333 12518.3231 12780.0036
13343.8667 12509.7186 12775.8526
13347.6000 12501.4013 12770.9496
13351.3333 12493.9840 12766.5436
13355.0667 12486.7220 12762.2896
13358.8000 12479.7629 12757.9836
13362.5333 12473.0344 12753.9336
13366.2667 12466.5084 12751.9936
13313.5333 12579.0763 12800.7806
13313.0667 12579.9893 12800.7806
13312.6000 12580.7260 12800.3726
13312.1333 12581.6424 12800.3726
13311.6667 12582.5601 12800.3726
13311.2000 12583.4792 12800.3726
13310.7333 12584.3996 12800.3726
13310.2667 12585.1528 12799.9726
13309.8000 12586.0776 12799.9726
13309.3333 12587.0041 12799.9726
13308.8667 12587.9323 12799.9726
13308.4000 12588.7024 12799.5796
13307.9333 12589.6354 12799.5796
13307.4667 12590.5703 12799.5796
13592.5333 12605.0317 12799.5146
13592.0667 12604.1523 12799.5146
13591.6000 12603.4599 12799.9576
13591.1333 12602.5722 12799.9576
13590.6667 12601.6819 12799.9576
13590.2000 12600.7430 12799.8447
13589.7333 12599.7199 12799.5209
13589.2667 12598.7007 12799.1928
13588.8000 12597.6862 12798.8594
13588.3333 12596.6744 12798.5201
13587.8667 12595.6563 12798.1767
13587.4000 12594.6312 12797.8287
13586.9333 12593.6023 12797.4843
13586.4667 12592.5690 12797.1408
13519.3333 12471.9832 12761.6535
13508.6667 12470.9223 12755.1753
13498.0000 12469.8777 12750.0830
13487.3333 12468.1071 12746.1936
13476.6667 12464.3373 12743.3944
13466.0000 12459.3165 12741.6151
13455.3333 12453.0112 12740.8156
13444.6667 12447.8743 12740.9760
13434.0000 12445.9614 12742.1002
13423.3333 12446.5979 12744.2156
13412.6667 12449.0922 12747.3713
13402.0000 12452.0150 12751.6508
13391.3333 12455.4883 12757.1800
13380.6667 12459.7298 12764.1582
13366.2667 12470.2717 12771.3291
13362.5333 12477.5004 12775.3868
13358.8000 12484.4297 12777.8445
13355.0667 12491.8810 12780.4127
13351.3333 12500.0600 12783.4540
13347.6000 12508.5629 12786.7334
13343.8667 12516.9761 12790.2774
13340.1333 12525.3947 12793.8076
13336.4000 12533.9401 12797.3130
13332.6667 12542.6333 12800.8311
13328.9333 12551.3363 12804.3825
13325.2000 12559.9075 12807.8084
13321.4667 12568.4579 12811.1263
13317.7333 12576.9809 12814.3060
13313.5333 12586.5320 12817.7609
13313.0667 12587.5916 12818.1392
13312.6000 12588.6518 12818.5184
13312.1333 12589.7121 12818.8974
13311.6667 12590.7725 12819.2765
13311.2000 12591.8326 12819.6549
13310.7333 12592.8914 12820.0300
13310.2667 12593.9488 12820.4021
13309.8000 12595.0057 12820.7727
13309.3333 12596.0620 12821.1418
13308.8667 12597.1179 12821.5093
13308.4000 12598.1737 12821.8764
13307.9333 12599.2295 12822.2431
13307.4667 12600.2839 12822.6060
13582.2667 12589.1131 12810.2388
13578.5333 12579.7764 12807.0457
13574.8000 12570.6600 12803.7303
13571.0667 12561.6062 12800.3277
13567.3333 12552.7141 12796.8595
13563.6000 12543.9164 12793.3467
13559.8667 12535.1417 12789.8692
13556.1333 12526.5956 12786.3458
13552.4000 12518.3787 12783.0482
13548.6667 12510.3662 12779.8707
13544.9333 12502.5422 12777.0392
13541.2000 12494.8800 12774.4029
13537.4667 12487.4346 12772.2286
13533.7333 12480.2352 12770.6253
13592.5333 12612.8727 12818.5345
13592.0667 12611.9534 12818.1865
13591.6000 12611.0192 12817.8343
13591.1333 12610.0682 12817.4786
13590.6667 12609.0975 12817.1185
13590.2000 12608.1051 12816.7547
13589.7333 12607.0883 12816.3862
13589.2667 12606.0468 12816.0131
13588.8000 12604.9883 12815.6348
13588.3333 12603.9158 12815.2550
13587.8667 12602.8292 12814.8713
13587.4000 12601.7304 12814.4864
13586.9333 12600.6216 12814.1034
13586.4667 12599.5037 12813.7219
13567.8667 12578.7144 12794.9276
13549.7333 12562.8846 12779.2165
13531.6000 12551.7465 12766.2273
13513.4667 12549.3585 12755.6384
13495.3333 12547.6366 12747.9490
13477.2000 12542.5857 12743.1523
13459.0667 12533.1005 12740.9478
13440.9333 12524.7323 12741.1935
13422.8000 12524.4349 12743.9060
13404.6667 12528.9058 12749.2553
13386.5333 12534.5954 12757.5889
13368.4000 12541.7508 12768.6338
13350.2667 12551.6420 12782.1762
13332.1333 12567.7043 12798.4352
13326.0667 12574.2673 12785.4934
13345.1333 12558.6255 12767.9827
13364.2000 12549.6733 12753.3237
13383.2667 12542.8771 12741.5012
13402.3333 12537.5176 12732.2679
13421.4000 12534.5186 12726.3244
13440.4667 12536.6742 12723.3353
13459.5333 12548.3806 12723.0855
13478.6000 12558.8515 12725.5556
13497.6667 12562.7123 12730.9289
13516.7333 12561.5182 12739.5956
13535.8000 12560.6733 12750.9178
13554.8667 12571.3318 12765.0684
13573.9333 12587.9556 12781.9093
13326.0667 12582.8456 12803.4214
13345.1333 12565.9601 12786.6361
13364.2000 12553.4646 12772.6450
13383.2667 12545.9795 12761.3679
13402.3333 12539.6452 12752.6354
13421.4000 12534.7491 12747.0396
13440.4667 12534.4307 12744.2312
13459.5333 12542.5332 12743.9923
13478.6000 12552.0845 12746.2870
13497.6667 12557.3349 12751.3319
13516.7333 12559.4161 12759.4104
13535.8000 12563.7043 12770.2580
13554.8667 12576.6075 12783.7121
13573.9333 12594.2947 12799.8766
13522.5689 12478.0131 12745.7376
13525.8044 12483.2258 12747.4135
13529.0400 12488.5099 12749.3725
13532.2756 12493.9182 12751.5075
13535.5111 12499.4543 12753.7832
13538.7467 12505.6467 12756.0767
13541.9822 12512.2617 12758.4666
13545.2178 12519.3203 12760.8960
13548.4533 12526.7065 12763.3364
13551.6889 12534.2889 12765.7570
13554.9244 12541.8626 12768.1583
13558.1600 12549.3992 12770.5492
13561.3956 12557.0223 12772.9048
13564.6311 12565.1522 12775.2549
13511.4044 12479.2506 12737.4487
13514.1422 12484.3199 12738.5731
13516.8800 12489.3219 12739.9191
13519.6178 12494.3568 12741.1704
13522.3556 12499.3908 12742.6693
13525.0933 12504.4776 12744.2127
13527.8311 12509.6017 12745.8980
13530.5689 12514.7998 12747.6254
13533.3067 12520.0994 12749.4263
13536.0444 12524.9593 12751.2800
13538.7822 12531.0193 12753.1702
13541.5200 12537.3398 12755.0945
13544.2578 12543.7271 12757.0399
13546.9956 12550.5004 12759.0392
13500.2400 12480.7045 12730.5493
13502.4800 12486.0851 12730.7886
13504.7200 12491.3241 12731.3109
13506.9600 12496.5019 12731.9235
13509.2000 12501.5376 12732.8749
13511.4400 12506.5518 12733.8525
13513.6800 12511.4544 12735.1180
13515.9200 12516.3309 12736.4456
13518.1600 12521.2051 12737.8915
13520.4000 12526.1457 12739.2482
13522.6400 12531.1024 12740.6834
13524.8800 12536.0735 12742.2461
13527.1200 12541.0984 12743.8300
13529.3600 12546.1640 12745.5593
13489.0756 12480.2165 12725.4228
13490.8178 12486.0458 12725.0774
13492.5600 12491.7459 12725.0040
13494.3022 12497.3918 12724.9811
13496.0444 12502.8417 12725.3279
13497.7867 12508.2395 12725.6547
13499.5289 12513.4371 12726.3420
13501.2711 12518.5888 12727.0291
13503.0133 12523.6098 12727.9803
13504.7556 12528.5816 12729.0240
13506.4978 12533.4974 12730.1891
13508.2400 12538.3307 12731.5585
13509.9822 12543.1616 12732.9338
13511.7244 12547.8911 12734.5863
13477.9111 12477.3507 12721.8050
13479.1556 12483.3584 12721.0641
13480.4000 12489.2586 12720.5957
13481.6444 12495.1376 12720.1533
13482.8889 12500.8499 12720.1097
13484.1333 12506.5620 12720.0196
13485.3778 12512.0973 12720.3291
13486.6222 12517.6145 12720.6320
13487.8667 12522.9950 12721.2276
13489.1111 12528.3104 12721.9377
13490.3556 12533.5522 12722.7876
13491.6000 12538.6822 12723.8935
13492.8444 12543.8044 12725.0049
13494.0889 12548.7786 12726.4549
13466.7467 12472.1438 12719.5233
13467.4933 12478.1480 12718.5371
13468.2400 12484.0403 12717.8336
13468.9867 12489.9248 12717.1408
13469.7333 12495.6651 12716.8566
13470.4800 12501.4231 12716.5161
13471.2267 12507.0165 12716.5977
13471.9733 12512.6067 12716.6665
13472.7200 12518.0673 12717.0501
13473.4667 12523.4736 12717.5551
13474.2133 12528.8138 12718.2176
13474.9600 12534.0474 12719.1566
13475.7067 12539.2760 12720.1012
13476.4533 12544.3667 12721.4268
13455.5822 12464.6776 12718.4993
13455.8311 12470.3609 12717.4077
13456.0800 12475.9725 12716.5861
13456.3289 12481.5851 12715.7784
13456.5778 12487.0853 12715.3810
13456.8267 12492.6041 12714.9254
13457.0756 12497.9976 12714.9016
13457.3244 12503.3939 12714.8665
13457.5733 12508.6962 12715.1478
13457.8222 12513.9604 12715.5553
13458.0711 12519.1738 12716.1317
13458.3200 12524.3029 12716.9894
13458.5689 12529.4203 12717.8583
13458.8178 12534.3995 12719.1138
13444.4178 12456.8252 12718.6902
13444.1689 12462.2147 12717.6100
13443.9200 12467.5397 12716.7972
13443.6711 12472.8690 12715.9985
13443.4222 12478.0796 12715.6090
13443.1733 12483.3115 12715.1597
13442.9244 12488.4117 12715.1422
13442.6756 12493.5177 12715.1110
13442.4267 12498.5281 12715.3970
13442.1778 12503.5038 12715.8083
13441.9289 12508.4348 12716.3860
13441.6800 12513.2917 12717.2446
13441.4311 12518.1562 12718.1139
13441.1822 12522.9291 12719.3694
13433.2533 12453.5249 12720.1050
13432.5067 12458.7842 12719.1495
13431.7600 12463.9872 12718.4756
13431.0133 12469.1884 12717.8118
13430.2667 12474.3158 12717.5500
13429.5200 12479.4571 12717.2325
13428.7733 12484.5320 12717.3317
13428.0267 12489.6183 12717.4162
13427.2800 12494.6676 12717.8135
13426.5333 12499.7181 12718.3275
13425.7867 12504.7665 12718.9992
13425.0400 12509.8011 12719.9403
13424.2933 12514.8587 12720.8863
13423.5467 12519.8996 12722.2082
13422.0889 12452.4504 12722.7971
13420.8444 12457.7269 12722.1136
13419.6000 12462.9733 12721.6985
13418.3556 12468.2113 12721.3109
13417.1111 12473.4433 12721.3070
13415.8667 12478.6869 12721.2617
13414.6222 12483.9436 12721.6025
13413.3778 12489.2196 12721.9426
13412.1333 12494.5229 12722.5569
13410.8889 12499.8548 12723.2853
13409.6444 12505.2191 12724.1491
13408.4000 12510.6252 12725.2573
13407.1556 12516.0612 12726.3740
13405.9111 12521.5508 12727.8180
13410.9244 12453.3272 12726.8727
13409.1822 12458.7348 12726.6175
13407.4400 12464.1687 12726.6252
13405.6978 12469.6151 12726.6883
13403.9556 12475.0887 12727.1047
13402.2133 12480.5849 12727.5063
13400.4711 12486.1638 12728.2483
13398.7289 12491.7785 12728.9927
13396.9867 12497.4494 12729.9811
13395.2444 12503.1400 12731.0566
13393.5022 12508.8527 12732.2408
13391.7600 12514.5984 12733.6236
13390.0178 12520.3528 12735.0024
13388.2756 12526.1485 12736.6494
13399.7600 12455.7063 12732.5234
13397.5200 12461.3943 12732.9028
13395.2800 12467.1278 12733.5541
13393.0400 12472.8902 12734.3095
13390.8000 12478.7074 12735.3691
13388.5600 12484.5501 12736.4871
13386.3200 12490.4401 12737.8503
13384.0800 12496.3356 12739.0589
13381.8400 12502.2744 12740.3658
13379.6000 12508.2608 12741.7525
13377.3600 12514.2914 12743.2000
13375.1200 12520.3460 12744.7469
13372.8800 12526.4047 12746.3360
13370.6400 12532.4371 12748.0348
13388.5956 12459.0273 12740.1035
13385.8578 12465.0047 12741.2413
13383.1200 12471.0198 12742.4834
13380.3822 12477.0942 12743.8793
13377.6444 12483.2459 12745.4518
13374.9067 12489.4433 12747.0902
13372.1689 12495.6398 12748.8354
13369.4311 12501.7868 12750.6295
13366.6933 12507.9235 12752.4660
13363.9556 12514.0958 12754.3395
13361.2178 12520.3274 12756.2368
13358.4800 12526.6359 12758.1577
13355.7422 12533.0400 12760.0889
13353.0044 12539.5904 12762.0767
13377.4311 12462.8138 12748.1366
13374.1956 12469.1770 12750.3257
13370.9600 12475.4745 12752.5019
13367.7244 12481.7702 12754.6836
13364.4889 12488.1253 12757.0386
13361.2533 12494.5650 12759.4629
13358.0178 12501.1199 12761.9316
13354.7822 12507.8226 12764.4724
13351.5467 12514.7032 12766.8978
13348.3111 12521.5937 12769.3508
13345.0756 12528.6949 12771.7668
13341.8400 12536.0909 12774.1563
13338.6044 12543.6788 12776.5016
13335.3689 12551.4233 12778.8261
13522.5689 12477.4927 12762.1043
13525.8044 12482.8743 12763.1898
13529.0400 12488.4803 12764.4797
13532.2756 12494.8359 12766.1174
13535.5111 12501.5877 12768.1105
13538.7467 12508.6075 12770.3822
13541.9822 12515.8501 12772.8626
13545.2178 12523.2497 12775.4915
13548.4533 12530.7549 12778.2247
13551.6889 12538.3642 12781.0206
13554.9244 12546.0980 12783.8326
13558.1600 12553.9856 12786.6621
13561.3956 12562.1210 12789.4468
13564.6311 12570.4323 12792.2083
13511.4044 12476.4513 12754.7546
13514.1422 12481.9105 12754.8076
13516.8800 12487.3276 12755.4192
13519.6178 12492.7600 12756.4118
13522.3556 12498.2482 12757.8459
13525.0933 12503.7404 12759.6213
13527.8311 12509.1168 12761.3807
13530.5689 12514.8586 12763.2910
13533.3067 12521.1665 12765.3576
13536.0444 12527.7402 12767.5414
13538.7822 12534.5247 12769.7883
13541.5200 12541.4772 12772.1068
13544.2578 12548.5439 12774.4686
13546.9956 12555.6836 12776.8309
13500.2400 12475.6231 12749.0132
13502.4800 12481.2632 12748.3596
13504.7200 12486.7828 12748.2480
13506.9600 12492.2139 12748.4383
13509.2000 12497.5469 12749.0999
13511.4400 12502.8367 12749.9975
13513.6800 12508.1008 12751.2344
13515.9200 12513.3714 12752.6785
13518.1600 12518.6593 12754.3344
13520.4000 12524.0098 12756.1628
13522.6400 12529.4633 12758.1261
13524.8800 12534.9007 12760.1418
13527.1200 12540.2048 12762.0719
13529.3600 12545.7255 12764.1347
13489.0756 12474.2059 12744.6546
13490.8178 12480.1247 12743.4926
13492.5600 12485.8482 12742.8761
13494.3022 12491.4624 12742.5124
13496.0444 12496.9196 12742.6412
13497.7867 12502.3001 12742.9677
13499.5289 12507.5798 12743.6624
13501.2711 12512.8243 12744.5548
13503.0133 12518.0652 12745.6752
13504.7556 12523.3222 12747.0148
13506.4978 12528.5370 12748.4546
13508.2400 12533.7158 12750.1270
13509.9822 12538.9154 12751.8253
13511.7244 12544.1197 12753.7245
13477.9111 12470.7386 12741.5299
13479.1556 12477.0177 12740.0163
13480.4000 12483.0867 12739.0549
13481.6444 12489.0415 12738.3169
13482.8889 12494.7908 12738.0879
13484.1333 12500.4480 12738.0333
13485.3778 12505.9581 12738.3692
13486.6222 12511.3858 12738.9001
13487.8667 12516.7244 12739.6700
13489.1111 12521.9797 12740.6831
13490.3556 12527.1953 12741.7969
13491.6000 12532.3332 12743.1888
13492.8444 12537.4647 12744.5997
13494.0889 12542.5433 12746.2681
13466.7467 12465.4775 12739.5471
13467.4933 12471.5378 12737.8174
13468.2400 12477.4617 12736.6384
13468.9867 12483.3285 12735.6689
13469.7333 12489.0749 12735.2183
13470.4800 12494.7886 12734.9272
13471.2267 12500.4005 12735.0475
13471.9733 12505.9596 12735.3560
13472.7200 12511.4436 12735.9090
13473.4667 12516.8319 12736.7253
13474.2133 12522.1506 12737.6399
13474.9600 12527.2932 12738.8608
13475.7067 12532.4286 12740.0948
13476.4533 12537.4963 12741.6180
13455.5822 12458.7926 12738.6524
13455.8311 12464.4790 12736.8214
13456.0800 12470.0197 12735.5433
13456.3289 12475.5073 12734.4663
13456.5778 12480.9534 12733.9125
13456.8267 12486.3849 12733.5193
13457.0756 12491.7278 12733.5310
13457.3244 12497.0273 12733.7352
13457.5733 12502.2792 12734.1911
13457.8222 12507.5067 12734.9139
13458.0711 12512.7384 12735.7362
13458.3200 12517.8933 12736.8748
13458.5689 12523.0176 12738.0245
13458.8178 12528.0617 12739.4770
13444.4178 12453.1620 12738.8231
13444.1689 12458.4829 12737.0030
13443.9200 12463.7653 12735.7323
13443.6711 12468.9930 12734.6650
13443.4222 12474.1645 12734.1205
13443.1733 12479.3285 12733.7341
13442.9244 12484.4228 12733.7528
13442.6756 12489.4869 12733.9641
13442.4267 12494.5177 12734.4240
13442.1778 12499.5334 12735.1514
13441.9289 12504.5351 12735.9773
13441.6800 12509.5334 12737.1180
13441.4311 12514.5680 12738.2697
13441.1822 12519.6264 12739.7239
13433.2533 12451.0245 12740.0634
13432.5067 12456.1471 12738.3644
13431.7600 12461.3043 12737.2137
13431.0133 12466.4853 12736.2739
13430.2667 12471.6743 12735.8476
13429.5200 12476.8703 12735.5818
13428.7733 12482.0572 12735.7221
13428.0267 12487.2500 12736.0515
13427.2800 12492.4553 12736.6210
13426.5333 12497.6861 12737.4498
13425.7867 12502.9515 12738.3763
13425.0400 12508.2627 12739.6048
13424.2933 12513.6060 12740.8457
13423.5467 12519.0018 12742.3704
13422.0889 12451.7997 12742.4054
13420.8444 12457.0706 12740.9475
13419.6000 12462.4049 12740.0356
13418.3556 12467.7722 12739.3495
13417.1111 12473.1944 12739.1652
13415.8667 12478.6465 12739.1570
13414.6222 12484.1477 12739.5309
13413.3778 12489.6774 12740.0970
13412.1333 12495.2352 12740.8985
13410.8889 12500.8143 12741.9342
13409.6444 12506.3941 12743.0712
13408.4000 12511.9863 12744.4756
13407.1556 12517.5914 12745.8998
13405.9111 12523.2382 12747.5712
13410.9244 12454.5062 12745.9141
13409.1822 12459.9728 12744.8380
13407.4400 12465.4974 12744.2981
13405.6978 12471.0501 12744.0165
13403.9556 12476.6515 12744.2166
13402.2133 12482.2770 12744.6168
13400.4711 12487.9435 12745.3730
13398.7289 12493.6372 12746.3235
13396.9867 12499.3626 12747.4935
13395.2444 12505.1234 12748.8747
13393.5022 12510.9136 12750.3541
13391.7600 12516.7568 12752.0452
13390.0178 12522.6395 12753.7649
13388.2756 12528.5955 12755.6707
13399.7600 12457.5851 12750.6992
13397.5200 12463.2288 12750.1705
13395.2800 12468.9504 12750.1737
13393.0400 12474.7192 12750.4897
13390.8000 12480.5557 12751.2604
13388.5600 12486.4379 12752.2722
13386.3200 12492.3885 12753.6097
13384.0800 12498.4027 12755.1478
13381.8400 12504.4795 12756.8871
13379.6000 12510.6209 12758.8077
13377.3600 12516.7798 12760.6370
13375.1200 12522.9976 12762.5368
13372.8800 12529.2703 12764.5001
13370.6400 12535.5242 12766.5496
13388.5956 12461.2922 12756.9305
13385.8578 12467.2021 12757.1663
13383.1200 12473.2295 12757.9516
13380.3822 12479.3499 12759.1384
13377.6444 12485.5845 12760.7454
13374.9067 12491.8420 12762.3014
13372.1689 12498.1638 12764.1209
13369.4311 12504.4251 12766.1141
13366.6933 12510.6908 12768.2454
13363.9556 12517.0209 12770.4765
13361.2178 12523.4506 12772.7552
13358.4800 12530.0657 12775.0839
13355.7422 12536.9534 12777.4356
13353.0044 12544.1681 12779.8019
13377.4311 12465.9296 12764.9143
13374.1956 12472.2056 12765.8767
13370.9600 12478.5648 12767.2468
13367.7244 12484.8560 12769.0429
13364.4889 12491.2164 12771.1813
13361.2533 12497.7717 12773.5768
13358.0178 12504.6301 12776.1441
13354.7822 12511.9380 12778.8534
13351.5467 12519.7008 12781.6515
13348.3111 12527.7637 12784.4966
13345.0756 12535.8371 12787.3523
13341.8400 12543.7267 12790.1916
13338.6044 12551.6298 12792.9802
13335.3689 12559.6199 12795.7295
13568.2711 12574.1324 12777.8769
13568.6756 12575.1200 12778.1778
13569.0800 12576.1080 12778.4781
13569.4844 12577.0973 12778.7814
13569.8889 12578.0865 12779.0828
13570.2933 12579.0746 12779.3798
13570.6978 12580.0618 12779.6722
13571.1022 12581.0486 12779.9619
13571.5067 12582.0348 12780.2483
13571.9111 12583.0206 12780.5316
13572.3156 12584.0061 12780.8129
13572.7200 12584.9916 12781.0919
13573.1244 12585.9765 12781.3680
13573.5289 12586.9635 12781.6404
13550.0756 12558.4975 12761.3420
13550.4178 12559.4051 12761.6024
13550.7600 12560.3154 12761.8641
13551.1022 12561.2282 12762.1272
13551.4444 12562.1442 12762.3940
13551.7867 12563.0618 12762.6616
13552.1289 12563.9803 12762.9290
13552.4711 12564.8999 12763.1970
13552.8133 12565.8198 12763.4649
13553.1556 12566.7404 12763.7339
13553.4978 12567.6610 12764.0033
13553.8400 12568.5814 12764.2732
13554.1822 12569.5000 12764.5404
13554.5244 12570.4172 12764.8062
13531.8800 12551.9627 12747.5651
13532.1600 12552.6177 12747.7970
13532.4400 12553.2754 12748.0307
13532.7200 12553.9363 12748.2661
13533.0000 12554.6002 12748.5027
13533.2800 12555.2524 12748.7398
13533.5600 12555.8830 12748.9769
13533.8400 12556.4931 12749.2150
13534.1200 12557.0837 12749.4544
13534.4000 12557.6558 12749.6954
13534.6800 12558.2272 12749.9380
13534.9600 12558.8139 12750.1820
13535.2400 12559.4167 12750.4271
13535.5200 12560.0363 12750.6726
13513.6844 12553.2046 12736.4143
13513.9022 12553.7904 12736.6367
13514.1200 12554.3765 12736.8633
13514.3378 12554.9637 12737.0920
13514.5556 12555.5533 12737.3217
13514.7733 12556.1457 12737.5517
13514.9911 12556.7413 12737.7809
13515.2089 12557.3388 12738.0095
13515.4267 12557.9362 12738.2373
13515.6444 12558.5336 12738.4637
13515.8622 12559.1311 12738.6887
13516.0800 12559.7280 12738.9148
13516.2978 12560.3244 12739.1420
13516.5156 12560.9207 12739.3697
13495.4889 12554.3188 12728.0552
13495.6444 12554.9227 12728.2550
13495.8000 12555.5244 12728.4595
13495.9556 12556.1248 12728.6657
13496.1111 12556.7237 12728.8749
13496.2667 12557.3225 12729.0832
13496.4222 12557.9218 12729.2891
13496.5778 12558.5213 12729.4940
13496.7333 12559.1206 12729.6985
13496.8889 12559.7197 12729.9029
13497.0444 12560.3186 12730.1076
13497.2000 12560.9171 12730.3128
13497.3556 12561.5155 12730.5183
13497.5111 12562.1139 12730.7238
13477.2933 12550.0985 12722.8778
13477.3867 12550.7264 12723.0630
13477.4800 12551.3523 12723.2538
13477.5733 12551.9772 12723.4471
13477.6667 12552.6017 12723.6413
13477.7600 12553.2260 12723.8358
13477.8533 12553.8510 12724.0281
13477.9467 12554.4763 12724.2193
13478.0400 12555.1017 12724.4098
13478.1333 12555.7271 12724.6001
13478.2267 12556.3523 12724.7907
13478.3200 12556.9773 12724.9817
13478.4133 12557.6021 12725.1731
13478.5067 12558.2268 12725.3644
13459.0978 12539.9694 12720.4921
13459.1289 12540.5816 12720.6543
13459.1600 12541.1902 12720.8238
13459.1911 12541.7957 12720.9993
13459.2222 12542.3977 12721.1811
13459.2533 12542.9968 12721.3696
13459.2844 12543.5985 12721.5511
13459.3156 12544.1990 12721.7360
13459.3467 12544.7981 12721.9245
13459.3778 12545.3959 12722.1163
13459.4089 12545.9924 12722.3113
13459.4400 12546.5879 12722.5093
13459.4711 12547.1831 12722.7076
13459.5022 12547.7803 12722.9008
13440.9022 12528.3299 12720.7460
13440.8711 12528.9289 12720.9089
13440.8400 12529.5266 12721.0784
13440.8089 12530.1233 12721.2536
13440.7778 12530.7191 12721.4335
13440.7467 12531.3143 12721.6176
13440.7156 12531.9092 12721.8045
13440.6844 12532.5031 12721.9972
13440.6533 12533.0976 12722.1890
13440.6222 12533.6936 12722.3762
13440.5911 12534.2893 12722.5665
13440.5600 12534.8847 12722.7597
13440.5289 12535.4798 12722.9558
13440.4978 12536.0759 12723.1497
13422.7067 12525.6080 12723.6555
13422.6133 12526.2421 12723.8403
13422.5200 12526.8761 12724.0306
13422.4267 12527.5103 12724.2238
13422.3333 12528.1449 12724.4180
13422.2400 12528.7800 12724.6116
13422.1467 12529.4157 12724.8034
13422.0533 12530.0520 12724.9938
13421.9600 12530.6888 12725.1833
13421.8667 12531.3261 12725.3725
13421.7733 12531.9637 12725.5625
13421.6800 12532.6018 12725.7528
13421.5867 12533.2403 12725.9434
13421.4933 12533.8792 12726.1341
13404.5111 12527.7584 12729.4116
13404.3556 12528.4522 12729.6106
13404.2000 12529.1470 12729.8146
13404.0444 12529.8424 12730.0209
13403.8889 12530.5383 12730.2278
13403.7333 12531.2347 12730.4348
13403.5778 12531.9312 12730.6397
13403.4222 12532.6281 12730.8434
13403.2667 12533.3253 12731.0463
13403.1111 12534.0228 12731.2488
13402.9556 12534.7208 12731.4522
13402.8000 12535.4192 12731.6560
13402.6444 12536.1182 12731.8601
13402.4889 12536.8177 12732.0642
13386.3156 12532.6764 12738.4763
13386.0978 12533.4040 12738.6928
13385.8800 12534.1321 12738.9118
13385.6622 12534.8604 12739.1317
13385.4444 12535.5889 12739.3525
13385.2267 12536.3176 12739.5729
13385.0089 12537.0460 12739.7895
13384.7911 12537.7743 12740.0039
13384.5733 12538.5027 12740.2175
13384.3556 12539.2313 12740.4314
13384.1378 12539.9603 12740.6468
13383.9200 12540.6893 12740.8611
13383.7022 12541.4184 12741.0748
13383.4844 12542.1477 12741.2882
13368.1200 12539.1791 12750.0261
13367.8400 12539.9274 12750.2651
13367.5600 12540.6757 12750.5078
13367.2800 12541.4241 12750.7514
13367.0000 12542.1726 12750.9956
13366.7200 12542.9211 12751.2381
13366.4400 12543.6698 12751.4771
13366.1600 12544.4187 12751.7134
13365.8800 12545.1679 12751.9471
13365.6000 12545.9175 12752.1789
13365.3200 12546.6676 12752.4097
13365.0400 12547.4182 12752.6396
13364.7600 12548.1693 12752.8685
13364.4800 12548.9210 12753.0966
13349.9244 12547.1025 12764.3334
13349.5822 12547.9360 12764.5995
13349.2400 12548.7687 12764.8659
13348.8978 12549.6009 12765.1368
13348.5556 12550.4320 12765.4083
13348.2133 12551.2604 12765.6760
13347.8711 12552.0863 12765.9394
13347.5289 12552.9099 12766.2001
13347.1867 12553.7313 12766.4594
13346.8444 12554.5506 12766.7160
13346.5022 12555.3680 12766.9725
13346.1600 12556.1836 12767.2276
13345.8178 12556.9974 12767.4817
13345.4756 12557.8101 12767.7340
13331.7289 12560.2707 12781.4057
13331.3244 12561.2672 12781.7058
13330.9200 12562.2664 12782.0092
13330.5156 12563.2658 12782.3101
13330.1111 12564.2675 12782.6135
13329.7067 12565.2685 12782.9129
13329.3022 12566.2689 12783.2085
13328.8978 12567.2685 12783.5002
13328.4933 12568.2681 12783.7900
13328.0889 12569.2681 12784.0783
13327.6844 12570.2682 12784.3652
13327.2800 12571.2686 12784.6507
13326.8756 12572.2686 12784.9340
13326.4711 12573.2684 12785.2153
13568.2711 12579.7487 12795.2644
13568.6756 12580.7839 12795.6034
13569.0800 12581.8205 12795.9460
13569.4844 12582.8581 12796.2904
13569.8889 12583.8959 12796.6321
13570.2933 12584.9344 12796.9727
13570.6978 12585.9733 12797.3104
13571.1022 12587.0120 12797.6428
13571.5067 12588.0507 12797.9702
13571.9111 12589.0897 12798.2943
13572.3156 12590.1294 12798.6158
13572.7200 12591.1700 12798.9358
13573.1244 12592.2109 12799.2521
13573.5289 12593.2525 12799.5656
13550.0756 12563.7897 12779.5151
13550.4178 12564.6961 12779.8139
13550.7600 12565.6038 12780.1132
13551.1022 12566.5129 12780.4128
13551.4444 12567.4234 12780.7127
13551.7867 12568.3352 12781.0128
13552.1289 12569.2484 12781.3127
13552.4711 12570.1630 12781.6126
13552.8133 12571.0790 12781.9125
13553.1556 12571.9966 12782.2124
13553.4978 12572.9155 12782.5122
13553.8400 12573.8361 12782.8121
13554.1822 12574.7584 12783.1125
13554.5244 12575.6822 12783.4126
13531.8800 12552.5246 12766.4922
13532.1600 12553.3058 12766.7579
13532.4400 12554.0899 12767.0247
13532.7200 12554.8770 12767.2924
13533.0000 12555.6668 12767.5607
13533.2800 12556.4594 12767.8293
13533.5600 12557.2547 12768.0981
13533.8400 12558.0525 12768.3670
13534.1200 12558.8529 12768.6361
13534.4000 12559.6557 12768.9055
13534.6800 12560.4609 12769.1752
13534.9600 12561.2684 12769.4454
13535.2400 12562.0782 12769.7163
13535.5200 12562.8902 12769.9872
13513.6844 12550.0208 12755.8818
13513.9022 12550.6846 12756.1272
13514.1200 12551.3500 12756.3758
13514.3378 12552.0168 12756.6267
13514.5556 12552.6851 12756.8792
13514.7733 12553.3546 12757.1332
13514.9911 12554.0252 12757.3872
13515.2089 12554.6970 12757.6401
13515.4267 12555.3697 12757.8927
13515.6444 12556.0432 12758.1452
13515.8622 12556.7173 12758.3978
13516.0800 12557.3921 12758.6506
13516.2978 12558.0672 12758.9037
13516.5156 12558.7420 12759.1570
13495.4889 12548.2757 12748.1630
13495.6444 12548.9154 12748.3802
13495.8000 12549.5554 12748.6019
13495.9556 12550.1961 12748.8275
13496.1111 12550.8378 12749.0547
13496.2667 12551.4808 12749.2827
13496.4222 12552.1252 12749.5115
13496.5778 12552.7714 12749.7394
13496.7333 12553.4192 12749.9668
13496.8889 12554.0688 12750.1940
13497.0444 12554.7203 12750.4210
13497.2000 12555.3735 12750.6482
13497.3556 12556.0280 12750.8760
13497.5111 12556.6818 12751.1039
13477.2933 12543.2214 12743.3486
13477.3867 12543.8562 12743.5481
13477.4800 12544.4897 12743.7525
13477.5733 12545.1224 12743.9600
13477.6667 12545.7544 12744.1705
13477.7600 12546.3860 12744.3833
13477.8533 12547.0177 12744.5964
13477.9467 12547.6500 12744.8081
13478.0400 12548.2827 12745.0195
13478.1333 12548.9158 12745.2305
13478.2267 12549.5493 12745.4409
13478.3200 12550.1829 12745.6516
13478.4133 12550.8166 12745.8632
13478.5067 12551.4504 12746.0751
13459.0978 12533.7310 12741.1342
13459.1289 12534.3615 12741.3213
13459.1600 12534.9919 12741.5106
13459.1911 12535.6216 12741.7049
13459.2222 12536.2507 12741.9032
13459.2533 12536.8793 12742.1055
13459.2844 12537.5072 12742.3126
13459.3156 12538.1359 12742.5167
13459.3467 12538.7646 12742.7223
13459.3778 12539.3930 12742.9302
13459.4089 12540.0212 12743.1401
13459.4400 12540.6492 12743.3520
13459.4711 12541.2770 12743.5657
13459.5022 12541.9048 12743.7805
13440.9022 12525.3737 12741.3799
13440.8711 12526.0159 12741.5674
13440.8400 12526.6587 12741.7571
13440.8089 12527.3023 12741.9512
13440.7778 12527.9466 12742.1491
13440.7467 12528.5916 12742.3503
13440.7156 12529.2373 12742.5543
13440.6844 12529.8839 12742.7604
13440.6533 12530.5312 12742.9705
13440.6222 12531.1793 12743.1804
13440.5911 12531.8280 12743.3873
13440.5600 12532.4775 12743.5962
13440.5289 12533.1278 12743.8067
13440.4978 12533.7789 12744.0190
13422.7067 12525.1170 12744.1023
13422.6133 12525.8000 12744.3020
13422.5200 12526.4841 12744.5067
13422.4267 12527.1691 12744.7145
13422.3333 12527.8551 12744.9250
13422.2400 12528.5419 12745.1379
13422.1467 12529.2294 12745.3510
13422.0533 12529.9173 12745.5626
13421.9600 12530.6057 12745.7736
13421.8667 12531.2948 12745.9844
13421.7733 12531.9844 12746.1949
13421.6800 12532.6746 12746.4056
13421.5867 12533.3655 12746.6169
13421.4933 12534.0570 12746.8284
13404.5111 12529.6163 12749.4698
13404.3556 12530.3277 12749.6870
13404.2000 12531.0402 12749.9086
13404.0444 12531.7536 12750.1339
13403.8889 12532.4678 12750.3609
13403.7333 12533.1828 12750.5887
13403.5778 12533.8983 12750.8169
13403.4222 12534.6144 12751.0445
13403.2667 12535.3311 12751.2717
13403.1111 12536.0483 12751.4984
13402.9556 12536.7662 12751.7251
13402.8000 12537.4848 12751.9521
13402.6444 12538.2042 12752.1798
13402.4889 12538.9243 12752.4076
13386.3156 12535.3482 12757.8313
13386.0978 12536.1022 12758.0763
13385.8800 12536.8575 12758.3252
13385.6622 12537.6139 12758.5764
13385.4444 12538.3710 12758.8285
13385.2267 12539.1289 12759.0813
13385.0089 12539.8877 12759.3357
13384.7911 12540.6470 12759.5895
13384.5733 12541.4069 12759.8432
13384.3556 12542.1675 12760.0974
13384.1378 12542.9287 12760.3520
13383.9200 12543.6903 12760.6050
13383.7022 12544.4524 12760.8581
13383.4844 12545.2156 12761.1130
13368.1200 12542.5292 12768.8980
13367.8400 12543.3082 12769.1642
13367.5600 12544.0882 12769.4336
13367.2800 12544.8692 12769.7052
13367.0000 12545.6504 12769.9774
13366.7200 12546.4319 12770.2497
13366.4400 12547.2136 12770.5220
13366.1600 12547.9949 12770.7923
13365.8800 12548.7759 12771.0610
13365.6000 12549.5567 12771.3283
13365.3200 12550.3373 12771.5940
13365.0400 12551.1181 12771.8584
13364.7600 12551.8995 12772.1217
13364.4800 12552.6816 12772.3839
13349.9244 12552.5914 12782.4749
13349.5822 12553.5440 12782.7746
13349.2400 12554.5001 12783.0770
13348.8978 12555.4590 12783.3814
13348.5556 12556.4191 12783.6859
13348.2133 12557.3796 12783.9897
13347.8711 12558.3397 12784.2920
13347.5289 12559.2986 12784.5919
13347.1867 12560.2559 12784.8894
13346.8444 12561.2114 12785.1846
13346.5022 12562.1651 12785.4777
13346.1600 12563.1170 12785.7693
13345.8178 12564.0669 12786.0595
13345.4756 12565.0147 12786.3484
13331.7289 12568.7162 12798.7719
13331.3244 12569.7277 12799.1077
13330.9200 12570.7407 12799.4465
13330.5156 12571.7540 12799.7858
13330.1111 12572.7682 12800.1271
13329.7067 12573.7819 12800.4674
13329.3022 12574.7940 12800.8047
13328.8978 12575.8046 12801.1389
13328.4933 12576.8140 12801.4708
13328.0889 12577.8222 12801.8005
13327.6844 12578.8292 12802.1278
13327.2800 12579.8351 12802.4537
13326.8756 12580.8402 12802.7786
13326.4711 12581.8438 12803.1015