300.0000 300.0000 300.0000
13370.0000 12473.1000 12748.1366
13530.0000 12459.9113 12746.2756
13586.0000 12576.4343 12796.8023
13314.0000 12593.0041 12800.7806
13307.0000 12606.2079 12799.5796
13593.0000 12591.4714 12799.5146
13370.0000 12474.4995 12768.9597
13530.0000 12462.8966 12769.4465
13314.0000 12600.5621 12817.3836
13307.0000 12615.9045 12822.9632
13586.0000 12583.6518 12813.3397
13593.0000 12599.5362 12818.8788
13380.6667 12473.0755 12743.1436
13391.3333 12473.2650 12739.0404
13402.0000 12474.5362 12732.3632
13412.6667 12474.0355 12727.3111
13423.3333 12471.1868 12723.6467
13434.0000 12465.8106 12721.2137
13444.6667 12458.5476 12719.9300
13455.3333 12451.4233 12719.7500
13466.0000 12448.2974 12720.6651
13476.6667 12447.3056 12722.7102
13487.3333 12447.9156 12725.9552
13498.0000 12449.8504 12730.5212
13508.6667 12452.9095 12736.6305
13519.3333 12456.3190 12743.1496
13533.7333 12466.4009 12749.8786
13537.4667 12472.9115 12754.0776
13541.2000 12479.4876 12754.0776
13544.9333 12486.3637 12755.6456
13548.6667 12493.4803 12761.7386
13552.4000 12500.7530 12766.1526
13556.1333 12508.2138 12770.5706
13559.8667 12516.5336 12775.0796
13563.6000 12525.2501 12779.5265
13567.3333 12533.6823 12782.6070
13571.0667 12542.2297 12785.6331
13574.8000 12550.8202 12788.5410
13578.5333 12559.3917 12791.3599
13582.2667 12567.9352 12794.1298
13567.8667 12558.0253 12777.5809
13549.7333 12545.9856 12761.0832
13531.6000 12538.3503 12747.3352
13513.4667 12531.8637 12736.1995
13495.3333 12526.8827 12727.8645
13477.2000 12525.1172 12722.7024
13459.0667 12527.7505 12720.3354
13440.9333 12538.9296 12720.5879
13422.8000 12549.4586 12723.4806
13404.6667 12553.2536 12729.2218
13386.5333 12551.8721 12738.2669
13368.4000 12551.0534 12749.7954
13350.2667 12557.9670 12764.0742
13332.1333 12574.6079 12781.1125
13317.7333 12584.3602 12798.2300
13321.4667 12575.3349 12795.4884
13325.2000 12566.4826 12792.6950
13328.9333 12558.0988 12789.7603
13332.6667 12549.8530 12786.7497
13336.4000 12541.4931 12783.6655
13340.1333 12532.8606 12780.0036
13343.8667 12524.2029 12775.8526
13347.6000 12515.3490 12770.9496
13351.3333 12506.5622 12766.5436
13355.0667 12498.0287 12762.2896
13358.8000 12490.4871 12757.9836
13362.5333 12483.7240 12753.9336
13366.2667 12478.2898 12751.9936
13313.5333 12593.9409 12800.7806
13313.0667 12594.8758 12800.7806
13312.6000 12595.6441 12800.3726
13312.1333 12596.5710 12800.3726
13311.6667 12597.4959 12800.3726
13311.2000 12598.4187 12800.3726
13310.7333 12599.3393 12800.3726
13310.2667 12600.0804 12799.9726
13309.8000 12600.9926 12799.9726
13309.3333 12601.9024 12799.9726
13308.8667 12602.8099 12799.9726
13308.4000 12603.5291 12799.5796
13307.9333 12604.4278 12799.5796
13307.4667 12605.3229 12799.5796
13592.5333 12590.5359 12799.5146
13592.0667 12589.6018 12799.5146
13591.6000 12588.8457 12799.9576
13591.1333 12587.9153 12799.9576
13590.6667 12586.9861 12799.9576
13590.2000 12586.0124 12799.8447
13589.7333 12584.9538 12799.5209
13589.2667 12583.8935 12799.1928
13588.8000 12582.8311 12798.8594
13588.3333 12581.7664 12798.5201
13587.8667 12580.7000 12798.1767
13587.4000 12579.6317 12797.8287
13586.9333 12578.5650 12797.4843
13586.4667 12577.4986 12797.1408
13519.3333 12458.8790 12761.6535
13508.6667 12455.0753 12755.1753
13498.0000 12451.8123 12750.0830
13487.3333 12448.9323 12746.1936
13476.6667 12446.5282 12743.3944
13466.0000 12445.9751 12741.6151
13455.3333 12447.8994 12740.8156
13444.6667 12452.8274 12740.9760
13434.0000 12458.9374 12742.1002
13423.3333 12464.6460 12744.2156
13412.6667 12467.9416 12747.3713
13402.0000 12469.4899 12751.6508
13391.3333 12470.6628 12757.1800
13380.6667 12472.0321 12764.1582
13366.2667 12481.2129 12771.3291
13362.5333 12488.2061 12775.3868
13358.8000 12495.4709 12777.8445
13355.0667 12503.1540 12780.4127
13351.3333 12511.1151 12783.4540
13347.6000 12519.2323 12786.7334
13343.8667 12527.5167 12790.2774
13340.1333 12535.9296 12793.8076
13336.4000 12544.4745 12797.3130
13332.6667 12553.2300 12800.8311
13328.9333 12562.2874 12804.3825
13325.2000 12571.7371 12807.8084
13321.4667 12581.3418 12811.1263
13317.7333 12591.0402 12814.3060
13313.5333 12601.7195 12817.7609
13313.0667 12602.8655 12818.1392
13312.6000 12603.9986 12818.5184
13312.1333 12605.1165 12818.8974
13311.6667 12606.2179 12819.2765
13311.2000 12607.2991 12819.6549
13310.7333 12608.3485 12820.0300
13310.2667 12609.3671 12820.4021
13309.8000 12610.3580 12820.7727
13309.3333 12611.3239 12821.1418
13308.8667 12612.2684 12821.5093
13308.4000 12613.1984 12821.8764
13307.9333 12614.1151 12822.2431
13307.4667 12615.0174 12822.6060
13582.2667 12575.1323 12810.2388
13578.5333 12566.5425 12807.0457
13574.8000 12557.8777 12803.7303
13571.0667 12549.1916 12800.3277
13567.3333 12540.4906 12796.8595
13563.6000 12531.7247 12793.3467
13559.8667 12522.9158 12789.8692
13556.1333 12514.2077 12786.3458
13552.4000 12505.8296 12783.0482
13548.6667 12497.8148 12779.8707
13544.9333 12490.3182 12777.0392
13541.2000 12483.0097 12774.4029
13537.4667 12475.9327 12772.2286
13533.7333 12469.2672 12770.6253
13592.5333 12598.4875 12818.5345
13592.0667 12597.4372 12818.1865
13591.6000 12596.3851 12817.8343
13591.1333 12595.3314 12817.4786
13590.6667 12594.2756 12817.1185
13590.2000 12593.2182 12816.7547
13589.7333 12592.1586 12816.3862
13589.2667 12591.0974 12816.0131
13588.8000 12590.0342 12815.6348
13588.3333 12588.9708 12815.2550
13587.8667 12587.9060 12814.8713
13587.4000 12586.8411 12814.4864
13586.9333 12585.7773 12814.1034
13586.4667 12584.7146 12813.7219
13567.8667 12565.8046 12794.9276
13549.7333 12549.8597 12779.2165
13531.6000 12540.3240 12766.2273
13513.4667 12534.1630 12755.6384
13495.3333 12528.7454 12747.9490
13477.2000 12524.3711 12743.1523
13459.0667 12524.7531 12740.9478
13440.9333 12532.8287 12741.1935
13422.8000 12542.8530 12743.9060
13404.6667 12547.3158 12749.2553
13386.5333 12549.2341 12757.5889
13368.4000 12552.8489 12768.6338
13350.2667 12563.6152 12782.1762
13332.1333 12579.0586 12798.4352
13326.0667 12589.2252 12785.4934
13345.1333 12572.0444 12767.9827
13364.2000 12560.8597 12753.3237
13383.2667 12560.9722 12741.5012
13402.3333 12562.2323 12732.2679
13421.4000 12558.7441 12726.3244
13440.4667 12547.9835 12723.3353
13459.5333 12536.6899 12723.0855
13478.6000 12534.6592 12725.5556
13497.6667 12537.3705 12730.9289
13516.7333 12542.8233 12739.5956
13535.8000 12549.5319 12750.9178
13554.8667 12558.4345 12765.0684
13573.9333 12572.8581 12781.9093
13326.0667 12594.8444 12803.4214
13345.1333 12577.4456 12786.6361
13364.2000 12564.6897 12772.6450
13383.2667 12559.4035 12761.3679
13402.3333 12556.9758 12752.6354
13421.4000 12552.4891 12747.0396
13440.4667 12542.2028 12744.2312
13459.5333 12534.4354 12743.9923
13478.6000 12534.6562 12746.2870
13497.6667 12539.4559 12751.3319
13516.7333 12545.3934 12759.4104
13535.8000 12552.0937 12770.2580
13554.8667 12563.7187 12783.7121
13573.9333 12580.9792 12799.8766
13522.5689 12462.6704 12745.7376
13525.8044 12468.9783 12747.4135
13529.0400 12475.2752 12749.3725
13532.2756 12481.5416 12751.5075
13535.5111 12487.8333 12753.7832
13538.7467 12494.1927 12756.0767
13541.9822 12500.6682 12758.4666
13545.2178 12507.3190 12760.8960
13548.4533 12514.2184 12763.3364
13551.6889 12521.1681 12765.7570
13554.9244 12528.0562 12768.1583
13558.1600 12535.1798 12770.5492
13561.3956 12542.6106 12772.9048
13564.6311 12550.2526 12775.2549
13511.4044 12458.8521 12737.4487
13514.1422 12464.8480 12738.5731
13516.8800 12470.8905 12739.9191
13519.6178 12476.9554 12741.1704
13522.3556 12483.1059 12742.6693
13525.0933 12489.3015 12744.2127
13527.8311 12495.5038 12745.8980
13530.5689 12501.6654 12747.6254
13533.3067 12507.7922 12749.4263
13536.0444 12513.9195 12751.2800
13538.7822 12520.0940 12753.1702
13541.5200 12526.3576 12755.0945
13544.2578 12532.7494 12757.0399
13546.9956 12539.3124 12759.0392
13500.2400 12455.4957 12730.5493
13502.4800 12461.1965 12730.7886
13504.7200 12466.9454 12731.3109
13506.9600 12472.7176 12731.9235
13509.2000 12478.5428 12732.8749
13511.4400 12484.3846 12733.8525
13513.6800 12490.2785 12735.1180
13515.9200 12496.2018 12736.4456
13518.1600 12502.1628 12737.8915
13520.4000 12508.1513 12739.2482
13522.6400 12514.1884 12740.6834
13524.8800 12520.2519 12742.2461
13527.1200 12526.3103 12743.8300
13529.3600 12532.3552 12745.5593
13489.0756 12453.2394 12725.4228
13490.8178 12458.5758 12725.0774
13492.5600 12463.9494 12725.0040
13494.3022 12469.3509 12724.9811
13496.0444 12474.8248 12725.3279
13497.7867 12480.3323 12725.6547
13499.5289 12485.9236 12726.3420
13501.2711 12491.5528 12727.0291
13503.0133 12497.2541 12727.9803
13504.7556 12502.9765 12729.0240
13506.4978 12508.7140 12730.1891
13508.2400 12514.4776 12731.5585
13509.9822 12520.2449 12732.9338
13511.7244 12526.0522 12734.5863
13477.9111 12452.6021 12721.8050
13479.1556 12457.8532 12721.0641
13480.4000 12463.0612 12720.5957
13481.6444 12468.2547 12720.1533
13482.8889 12473.4428 12720.1097
13484.1333 12478.6364 12720.0196
13485.3778 12483.8524 12720.3291
13486.6222 12489.0870 12720.6320
13487.8667 12494.3597 12721.2276
13489.1111 12499.6673 12721.9377
13490.3556 12505.0150 12722.7876
13491.6000 12510.4168 12723.8935
13492.8444 12515.8516 12725.0049
13494.0889 12521.3537 12726.4549
13466.7467 12453.5927 12719.5233
13467.4933 12458.8570 12718.5371
13468.2400 12464.0655 12717.8336
13468.9867 12469.2720 12717.1408
13469.7333 12474.4045 12716.8566
13470.4800 12479.5512 12716.5161
13471.2267 12484.6320 12716.5977
13471.9733 12489.7247 12716.6665
13472.7200 12494.7802 12717.0501
13473.4667 12499.8367 12717.5551
13474.2133 12504.8911 12718.2176
13474.9600 12509.9310 12719.1566
13475.7067 12514.9934 12720.1012
13476.4533 12520.0398 12721.4268
13455.5822 12456.8459 12718.4993
13455.8311 12462.2416 12717.4077
13456.0800 12467.5707 12716.5861
13456.3289 12472.9037 12715.7784
13456.5778 12478.1162 12715.3810
13456.8267 12483.3495 12714.9254
13457.0756 12488.4500 12714.9016
13457.3244 12493.5555 12714.8665
13457.5733 12498.5649 12715.1478
13457.8222 12503.5392 12715.5553
13458.0711 12508.4678 12716.1317
13458.3200 12513.3219 12716.9894
13458.5689 12518.1835 12717.8583
13458.8178 12522.9532 12719.1138
13444.4178 12464.2883 12718.6902
13444.1689 12469.9849 12717.6100
13443.9200 12475.6077 12716.7972
13443.6711 12481.2316 12715.9985
13443.4222 12486.7360 12715.6090
13443.1733 12492.2613 12715.1597
13442.9244 12497.6531 12715.1422
13442.6756 12503.0493 12715.1110
13442.4267 12508.3452 12715.3970
13442.1778 12513.6010 12715.8083
13441.9289 12518.8039 12716.3860
13441.6800 12523.9166 12717.2446
13441.4311 12529.0192 12718.1139
13441.1822 12533.9815 12719.3694
13433.2533 12471.9419 12720.1050
13432.5067 12478.0034 12719.1495
13431.7600 12483.9520 12718.4756
13431.0133 12489.8931 12717.8118
13430.2667 12495.6736 12717.5500
13429.5200 12501.4688 12717.2325
13428.7733 12507.0903 12717.3317
13428.0267 12512.7071 12717.4162
13427.2800 12518.1859 12717.8135
13426.5333 12523.6043 12718.3275
13425.7867 12528.9450 12718.9992
13425.0400 12534.1622 12719.9403
13424.2933 12539.3655 12720.8863
13423.5467 12544.4055 12722.2082
13422.0889 12477.3203 12722.7971
13420.8444 12483.3711 12722.1136
13419.6000 12489.3001 12721.6985
13418.3556 12495.2066 12721.3109
13417.1111 12500.9407 12721.3070
13415.8667 12506.6736 12721.2617
13414.6222 12512.1878 12721.6025
13413.3778 12517.6528 12721.9426
13412.1333 12522.9562 12722.5569
13410.8889 12528.1906 12723.2853
13409.6444 12533.3569 12724.1491
13408.4000 12538.4168 12725.2573
13407.1556 12543.4705 12726.3740
13405.9111 12548.3655 12727.8180
13410.9244 12479.9175 12726.8727
13409.1822 12485.6912 12726.6175
13407.4400 12491.3212 12726.6252
13405.6978 12496.8805 12726.6883
13403.9556 12502.2497 12727.1047
13402.2133 12507.5808 12727.5063
13400.4711 12512.7348 12728.2483
13398.7289 12517.8588 12728.9927
13396.9867 12522.8665 12729.9811
13395.2444 12527.8276 12731.0566
13393.5022 12532.7386 12732.2408
13391.7600 12537.5667 12733.6236
13390.0178 12542.3850 12735.0024
13388.2756 12547.0919 12736.6494
13399.7600 12479.9877 12732.5234
13397.5200 12485.3125 12732.9028
13395.2800 12490.4990 12733.5541
13393.0400 12495.6178 12734.3095
13390.8000 12500.6000 12735.3691
13388.5600 12505.5484 12736.4871
13386.3200 12510.4444 12737.8503
13384.0800 12515.4582 12739.0589
13381.8400 12520.4459 12740.3658
13379.6000 12525.4502 12741.7525
13377.3600 12530.4860 12743.2000
13375.1200 12535.5502 12744.7469
13372.8800 12540.6611 12746.3360
13370.6400 12545.8203 12748.0348
13388.5956 12478.3947 12740.1035
13385.8578 12483.5410 12741.2413
13383.1200 12488.6385 12742.4834
13380.3822 12493.7325 12743.8793
13377.6444 12498.8452 12745.4518
13374.9067 12504.0134 12747.0902
13372.1689 12509.2420 12748.8354
13369.4311 12514.5436 12750.6295
13366.6933 12519.8596 12752.4660
13363.9556 12525.2983 12754.3395
13361.2178 12531.2002 12756.2368
13358.4800 12537.3781 12758.1577
13355.7422 12543.7896 12760.0889
13353.0044 12550.5888 12762.0767
13377.4311 12477.7123 12748.1366
13374.1956 12482.9833 12750.3257
13370.9600 12488.3858 12752.5019
13367.7244 12493.9152 12754.6836
13364.4889 12499.8133 12757.0386
13361.2533 12506.1232 12759.4629
13358.0178 12512.7867 12761.9316
13354.7822 12519.7792 12764.4724
13351.5467 12527.4089 12766.8978
13348.3111 12535.1921 12769.3508
13345.0756 12543.0650 12771.7668
13341.8400 12550.8802 12774.1563
13338.6044 12558.7019 12776.5016
13335.3689 12566.6353 12778.8261
13522.5689 12464.8511 12762.1043
13525.8044 12470.9284 12763.1898
13529.0400 12477.0687 12764.4797
13532.2756 12483.3367 12766.1174
13535.5111 12489.7716 12768.1105
13538.7467 12496.4166 12770.3822
13541.9822 12503.3935 12772.8626
13545.2178 12510.5464 12775.4915
13548.4533 12517.8215 12778.2247
13551.6889 12525.4155 12781.0206
13554.9244 12533.2601 12783.8326
13558.1600 12541.2893 12786.6621
13561.3956 12549.4385 12789.4468
13564.6311 12557.6492 12792.2083
13511.4044 12460.8600 12754.7546
13514.1422 12466.7268 12754.8076
13516.8800 12472.6844 12755.4192
13519.6178 12478.7115 12756.4118
13522.3556 12484.7863 12757.8459
13525.0933 12490.8789 12759.6213
13527.8311 12496.9760 12761.3807
13530.5689 12503.1371 12763.2910
13533.3067 12509.3856 12765.3576
13536.0444 12515.7396 12767.5414
13538.7822 12522.2286 12769.7883
13541.5200 12528.9440 12772.1068
13544.2578 12535.8449 12774.4686
13546.9956 12542.7786 12776.8309
13500.2400 12457.3963 12749.0132
13502.4800 12463.0468 12748.3596
13504.7200 12468.7689 12748.2480
13506.9600 12474.5313 12748.4383
13509.2000 12480.3515 12749.0999
13511.4400 12486.2025 12749.9975
13513.6800 12492.0959 12751.2344
13515.9200 12498.0174 12752.6785
13518.1600 12503.9843 12754.3344
13520.4000 12510.0086 12756.1628
13522.6400 12516.0443 12758.1261
13524.8800 12522.0731 12760.1418
13527.1200 12528.0988 12762.0719
13529.3600 12534.1836 12764.1347
13489.0756 12454.3495 12744.6546
13490.8178 12459.8184 12743.4926
13492.5600 12465.3405 12742.8761
13494.3022 12470.8904 12742.5124
13496.0444 12476.4899 12742.6412
13497.7867 12482.1146 12742.9677
13499.5289 12487.7821 12743.6624
13501.2711 12493.4777 12744.5548
13503.0133 12499.2049 12745.6752
13504.7556 12504.9636 12747.0148
13506.4978 12510.7420 12748.4546
13508.2400 12516.5561 12750.1270
13509.9822 12522.3838 12751.8253
13511.7244 12528.2543 12753.7245
13477.9111 12451.7331 12741.5299
13479.1556 12457.0008 12740.0163
13480.4000 12462.3291 12739.0549
13481.6444 12467.6910 12738.3169
13482.8889 12473.1018 12738.0879
13484.1333 12478.5387 12738.0333
13485.3778 12484.0220 12738.3692
13486.6222 12489.5412 12738.9001
13487.8667 12495.0916 12739.6700
13489.1111 12500.6672 12740.6831
13490.3556 12506.2471 12741.7969
13491.6000 12511.8390 12743.1888
13492.8444 12517.4371 12744.5997
13494.0889 12523.0798 12746.2681
13466.7467 12451.0469 12739.5471
13467.4933 12456.1782 12737.8174
13468.2400 12461.3420 12736.6384
13468.9867 12466.5379 12735.6689
13469.7333 12471.7343 12735.2183
13470.4800 12476.9350 12734.9272
13471.2267 12482.1176 12735.0475
13471.9733 12487.3017 12735.3560
13472.7200 12492.4926 12735.9090
13473.4667 12497.7043 12736.7253
13474.2133 12502.9505 12737.6399
13474.9600 12508.2428 12738.8608
13475.7067 12513.5725 12740.0948
13476.4533 12518.9531 12741.6180
13455.5822 12453.1770 12738.6524
13455.8311 12458.4964 12736.8214
13456.0800 12463.7785 12735.5433
13456.3289 12468.9994 12734.4663
13456.5778 12474.1742 12733.9125
13456.8267 12479.3346 12733.5193
13457.0756 12484.4314 12733.5310
13457.3244 12489.5003 12733.7352
13457.5733 12494.5364 12734.1911
13457.8222 12499.5550 12734.9139
13458.0711 12504.5612 12735.7362
13458.3200 12509.5616 12736.8748
13458.5689 12514.5970 12738.0245
13458.8178 12519.6529 12739.4770
13444.4178 12458.6516 12738.8231
13444.1689 12464.3833 12737.0030
13443.9200 12469.9448 12735.7323
13443.6711 12475.4247 12734.6650
13443.4222 12480.8534 12734.1205
13443.1733 12486.2711 12733.7341
13442.9244 12491.6125 12733.7528
13442.6756 12496.9167 12733.9641
13442.4267 12502.1813 12734.4240
13442.1778 12507.4267 12735.1514
13441.9289 12512.6496 12735.9773
13441.6800 12517.7770 12737.1180
13441.4311 12522.8612 12738.2697
13441.1822 12527.8465 12739.7239
13433.2533 12465.1289 12740.0634
13432.5067 12471.2713 12738.3644
13431.7600 12477.2510 12737.2137
13431.0133 12483.1483 12736.2739
13430.2667 12488.8996 12735.8476
13429.5200 12494.6060 12735.5818
13428.7733 12500.2107 12735.7221
13428.0267 12505.7555 12736.0515
13427.2800 12511.2112 12736.6210
13426.5333 12516.5551 12737.4498
13425.7867 12521.8602 12738.3763
13425.0400 12527.0995 12739.6048
13424.2933 12532.4410 12740.8457
13423.5467 12537.6899 12742.3704
13422.0889 12470.8059 12742.4054
13420.8444 12476.9075 12740.9475
13419.6000 12482.8749 12740.0356
13418.3556 12488.7755 12739.3495
13417.1111 12494.5098 12739.1652
13415.8667 12500.1551 12739.1570
13414.6222 12505.6595 12739.5309
13413.3778 12511.0825 12740.0970
13412.1333 12516.4178 12740.8985
13410.8889 12521.6723 12741.9342
13409.6444 12526.8858 12743.0712
13408.4000 12532.0244 12744.4756
13407.1556 12537.1528 12745.8998
13405.9111 12542.2279 12747.5712
13410.9244 12473.9579 12745.9141
13409.1822 12479.8164 12744.8380
13407.4400 12485.4959 12744.2981
13405.6978 12491.0685 12744.0165
13403.9556 12496.4896 12744.2166
13402.2133 12501.8396 12744.6168
13400.4711 12507.1039 12745.3730
13398.7289 12512.3462 12746.3235
13396.9867 12517.5937 12747.4935
13395.2444 12522.8218 12748.8747
13393.5022 12528.0512 12750.3541
13391.7600 12533.2877 12752.0452
13390.0178 12538.5533 12753.7649
13388.2756 12543.8512 12755.6707
13399.7600 12475.1828 12750.6992
13397.5200 12480.7816 12750.1705
13395.2800 12486.2806 12750.1737
13393.0400 12491.7182 12750.4897
13390.8000 12497.0955 12751.2604
13388.5600 12502.4532 12752.2722
13386.3200 12507.8021 12753.6097
13384.0800 12513.1697 12755.1478
13381.8400 12518.6018 12756.8871
13379.6000 12524.0895 12758.8077
13377.3600 12529.5800 12760.6370
13375.1200 12535.1324 12762.5368
13372.8800 12540.8390 12764.5001
13370.6400 12546.7409 12766.5496
13388.5956 12476.2297 12756.9305
13385.8578 12481.7645 12757.1663
13383.1200 12487.2913 12757.9516
13380.3822 12492.8271 12759.1384
13377.6444 12498.3685 12760.7454
13374.9067 12503.9679 12762.3014
13372.1689 12509.7467 12764.1209
13369.4311 12515.7732 12766.1141
13366.6933 12522.0759 12768.2454
13363.9556 12528.6252 12770.4765
13361.2178 12535.3419 12772.7552
13358.4800 12542.0756 12775.0839
13355.7422 12549.1441 12777.4356
13353.0044 12556.3413 12779.8019
13377.4311 12477.7252 12764.9143
13374.1956 12483.5502 12765.8767
13370.9600 12489.5931 12767.2468
13367.7244 12495.9392 12769.0429
13364.4889 12502.5918 12771.1813
13361.2533 12509.4717 12773.5768
13358.0178 12516.4765 12776.1441
13354.7822 12523.9188 12778.8534
13351.5467 12531.5232 12781.6515
13348.3111 12539.2308 12784.4966
13345.0756 12547.0377 12787.3523
13341.8400 12554.9507 12790.1916
13338.6044 12562.9091 12792.9802
13335.3689 12570.9231 12795.7295
13568.2711 12559.0067 12777.8769
13568.6756 12559.9914 12778.1778
13569.0800 12560.9776 12778.4781
13569.4844 12561.9664 12778.7814
13569.8889 12562.9560 12779.0828
13570.2933 12563.9456 12779.3798
13570.6978 12564.9349 12779.6722
13571.1022 12565.9247 12779.9619
13571.5067 12566.9146 12780.2483
13571.9111 12567.9046 12780.5316
13572.3156 12568.8952 12780.8129
13572.7200 12569.8861 12781.0919
13573.1244 12570.8771 12781.3680
13573.5289 12571.8677 12781.6404
13550.0756 12546.8192 12761.3420
13550.4178 12547.6523 12761.6024
13550.7600 12548.4850 12761.8641
13551.1022 12549.3172 12762.1272
13551.4444 12550.1490 12762.3940
13551.7867 12550.9802 12762.6616
13552.1289 12551.8110 12762.9290
13552.4711 12552.6412 12763.1970
13552.8133 12553.4709 12763.4649
13553.1556 12554.2998 12763.7339
13553.4978 12555.1279 12764.0033
13553.8400 12555.9555 12764.2732
13554.1822 12556.7824 12764.5404
13554.5244 12557.6087 12764.8062
13531.8800 12539.0971 12747.5651
13532.1600 12539.8434 12747.7970
13532.4400 12540.5894 12748.0307
13532.7200 12541.3350 12748.2661
13533.0000 12542.0803 12748.5027
13533.2800 12542.8254 12748.7398
13533.5600 12543.5704 12748.9769
13533.8400 12544.3153 12749.2150
13534.1200 12545.0601 12749.4544
13534.4000 12545.8050 12749.6954
13534.6800 12546.5499 12749.9380
13534.9600 12547.2950 12750.1820
13535.2400 12548.0404 12750.4271
13535.5200 12548.7859 12750.6726
13513.6844 12532.5923 12736.4143
13513.9022 12533.3219 12736.6367
13514.1200 12534.0521 12736.8633
13514.3378 12534.7826 12737.0920
13514.5556 12535.5133 12737.3217
13514.7733 12536.2442 12737.5517
13514.9911 12536.9751 12737.7809
13515.2089 12537.7060 12738.0095
13515.4267 12538.4369 12738.2373
13515.6444 12539.1678 12738.4637
13515.8622 12539.8985 12738.6887
13516.0800 12540.6295 12738.9148
13516.2978 12541.3607 12739.1420
13516.5156 12542.0921 12739.3697
13495.4889 12527.5775 12728.0552
13495.6444 12528.2738 12728.2550
13495.8000 12528.9710 12728.4595
13495.9556 12529.6688 12728.6657
13496.1111 12530.3674 12728.8749
13496.2667 12531.0663 12729.0832
13496.4222 12531.7653 12729.2891
13496.5778 12532.4647 12729.4940
13496.7333 12533.1643 12729.6985
13496.8889 12533.8644 12729.9029
13497.0444 12534.5648 12730.1076
13497.2000 12535.2657 12730.3128
13497.3556 12535.9670 12730.5183
13497.5111 12536.6686 12730.7238
13477.2933 12525.7521 12722.8778
13477.3867 12526.3864 12723.0630
13477.4800 12527.0206 12723.2538
13477.5733 12527.6550 12723.4471
13477.6667 12528.2897 12723.6413
13477.7600 12528.9248 12723.8358
13477.8533 12529.5604 12724.0281
13477.9467 12530.1965 12724.2193
13478.0400 12530.8331 12724.4098
13478.1333 12531.4699 12724.6001
13478.2267 12532.1072 12724.7907
13478.3200 12532.7447 12724.9817
13478.4133 12533.3825 12725.1731
13478.5067 12534.0207 12725.3644
13459.0978 12528.3504 12720.4921
13459.1289 12528.9493 12720.6543
13459.1600 12529.5467 12720.8238
13459.1911 12530.1430 12720.9993
13459.2222 12530.7380 12721.1811
13459.2533 12531.3319 12721.3696
13459.2844 12531.9277 12721.5511
13459.3156 12532.5232 12721.7360
13459.3467 12533.1182 12721.9245
13459.3778 12533.7129 12722.1163
13459.4089 12534.3072 12722.3113
13459.4400 12534.9012 12722.5093
13459.4711 12535.4956 12722.7076
13459.5022 12536.0916 12722.9008
13440.9022 12539.5438 12720.7460
13440.8711 12540.1555 12720.9089
13440.8400 12540.7642 12721.0784
13440.8089 12541.3701 12721.2536
13440.7778 12541.9743 12721.4335
13440.7467 12542.5769 12721.6176
13440.7156 12543.1787 12721.8045
13440.6844 12543.7784 12721.9972
13440.6533 12544.3786 12722.1890
13440.6222 12544.9806 12722.3762
13440.5911 12545.5816 12722.5665
13440.5600 12546.1816 12722.7597
13440.5289 12546.7806 12722.9558
13440.4978 12547.3805 12723.1497
13422.7067 12550.0836 12723.6555
13422.6133 12550.7045 12723.8403
13422.5200 12551.3232 12724.0306
13422.4267 12551.9408 12724.2238
13422.3333 12552.5579 12724.4180
13422.2400 12553.1753 12724.6116
13422.1467 12553.7934 12724.8034
13422.0533 12554.4120 12724.9938
13421.9600 12555.0311 12725.1833
13421.8667 12555.6502 12725.3725
13421.7733 12556.2691 12725.5625
13421.6800 12556.8878 12725.7528
13421.5867 12557.5065 12725.9434
13421.4933 12558.1252 12726.1341
13404.5111 12553.8578 12729.4116
13404.3556 12554.4584 12729.6106
13404.2000 12555.0568 12729.8146
13404.0444 12555.6544 12730.0209
13403.8889 12556.2516 12730.2278
13403.7333 12556.8488 12730.4348
13403.5778 12557.4468 12730.6397
13403.4222 12558.0453 12730.8434
13403.2667 12558.6440 12731.0463
13403.1111 12559.2428 12731.2488
13402.9556 12559.8411 12731.4522
13402.8000 12560.4392 12731.6560
13402.6444 12561.0371 12731.8601
13402.4889 12561.6347 12732.0642
13386.3156 12552.4759 12738.4763
13386.0978 12553.0799 12738.6928
13385.8800 12553.6841 12738.9118
13385.6622 12554.2883 12739.1317
13385.4444 12554.8924 12739.3525
13385.2267 12555.4969 12739.5729
13385.0089 12556.1027 12739.7895
13384.7911 12556.7096 12740.0039
13384.5733 12557.3169 12740.2175
13384.3556 12557.9246 12740.4314
13384.1378 12558.5323 12740.6468
13383.9200 12559.1408 12740.8611
13383.7022 12559.7502 12741.0748
13383.4844 12560.3607 12741.2882
13368.1200 12551.7162 12750.0261
13367.8400 12552.3814 12750.2651
13367.5600 12553.0491 12750.5078
13367.2800 12553.7084 12750.7514
13367.0000 12554.3553 12750.9956
13366.7200 12554.9909 12751.2381
13366.4400 12555.6205 12751.4771
13366.1600 12556.2539 12751.7134
13365.8800 12556.8916 12751.9471
13365.6000 12557.5338 12752.1789
13365.3200 12558.1816 12752.4097
13365.0400 12558.8384 12752.6396
13364.7600 12559.5040 12752.8685
13364.4800 12560.1779 12753.0966
13349.9244 12558.9219 12764.3334
13349.5822 12559.8858 12764.5995
13349.2400 12560.8525 12764.8659
13348.8978 12561.8182 12765.1368
13348.5556 12562.7797 12765.4083
13348.2133 12563.7344 12765.6760
13347.8711 12564.6811 12765.9394
13347.5289 12565.6198 12766.2001
13347.1867 12566.5504 12766.4594
13346.8444 12567.4715 12766.7160
13346.5022 12568.3834 12766.9725
13346.1600 12569.2906 12767.2276
13345.8178 12570.2036 12767.4817
13345.4756 12571.1219 12767.7340
13331.7289 12575.6009 12781.4057
13331.3244 12576.5935 12781.7058
13330.9200 12577.5841 12782.0092
13330.5156 12578.5705 12782.3101
13330.1111 12579.5540 12782.6135
13329.7067 12580.5321 12782.9129
13329.3022 12581.5048 12783.2085
13328.8978 12582.4737 12783.5002
13328.4933 12583.4412 12783.7900
13328.0889 12584.4074 12784.0783
13327.6844 12585.3726 12784.3652
13327.2800 12586.3370 12784.6507
13326.8756 12587.3005 12784.9340
13326.4711 12588.2633 12785.2153
13568.2711 12566.8173 12795.2644
13568.6756 12567.8313 12795.6034
13569.0800 12568.8475 12795.9460
13569.4844 12569.8649 12796.2904
13569.8889 12570.8813 12796.6321
13570.2933 12571.8975 12796.9727
13570.6978 12572.9125 12797.3104
13571.1022 12573.9253 12797.6428
13571.5067 12574.9359 12797.9702
13571.9111 12575.9453 12798.2943
13572.3156 12576.9537 12798.6158
13572.7200 12577.9617 12798.9358
13573.1244 12578.9685 12799.2521
13573.5289 12579.9742 12799.5656
13550.0756 12550.7632 12779.5151
13550.4178 12551.6711 12779.8139
13550.7600 12552.5833 12780.1132
13551.1022 12553.4985 12780.4128
13551.4444 12554.4162 12780.7127
13551.7867 12555.3364 12781.0128
13552.1289 12556.2589 12781.3127
13552.4711 12557.1836 12781.6126
13552.8133 12558.1107 12781.9125
13553.1556 12559.0400 12782.2124
13553.4978 12559.9714 12782.5122
13553.8400 12560.9051 12782.8121
13554.1822 12561.8411 12783.1125
13554.5244 12562.7790 12783.4126
13531.8800 12541.0968 12766.4922
13532.1600 12541.8711 12766.7579
13532.4400 12542.6469 12767.0247
13532.7200 12543.4243 12767.2924
13533.0000 12544.2032 12767.5607
13533.2800 12544.9839 12767.8293
13533.5600 12545.7662 12768.0981
13533.8400 12546.5501 12768.3670
13534.1200 12547.3359 12768.6361
13534.4000 12548.1236 12768.9055
13534.6800 12548.9133 12769.1752
13534.9600 12549.7051 12769.4454
13535.2400 12550.4991 12769.7163
13535.5200 12551.2953 12769.9872
13513.6844 12534.9051 12755.8818
13513.9022 12535.6482 12756.1272
13514.1200 12536.3925 12756.3758
13514.3378 12537.1380 12756.6267
13514.5556 12537.8845 12756.8792
13514.7733 12538.6321 12757.1332
13514.9911 12539.3804 12757.3872
13515.2089 12540.1293 12757.6401
13515.4267 12540.8789 12757.8927
13515.6444 12541.6292 12758.1452
13515.8622 12542.3804 12758.3978
13516.0800 12543.1324 12758.6506
13516.2978 12543.8853 12758.9037
13516.5156 12544.6389 12759.1570
13495.4889 12529.4556 12748.1630
13495.6444 12530.1664 12748.3802
13495.8000 12530.8782 12748.6019
13495.9556 12531.5908 12748.8275
13496.1111 12532.3039 12749.0547
13496.2667 12533.0175 12749.2827
13496.4222 12533.7316 12749.5115
13496.5778 12534.4459 12749.7394
13496.7333 12535.1605 12749.9668
13496.8889 12535.8754 12750.1940
13497.0444 12536.5907 12750.4210
13497.2000 12537.3064 12750.6482
13497.3556 12538.0225 12750.8760
13497.5111 12538.7390 12751.1039
13477.2933 12525.0513 12743.3486
13477.3867 12525.7324 12743.5481
13477.4800 12526.4145 12743.7525
13477.5733 12527.0975 12743.9600
13477.6667 12527.7815 12744.1705
13477.7600 12528.4663 12744.3833
13477.8533 12529.1518 12744.5964
13477.9467 12529.8377 12744.8081
13478.0400 12530.5243 12745.0195
13478.1333 12531.2114 12745.2305
13478.2267 12531.8990 12745.4409
13478.3200 12532.5873 12745.6516
13478.4133 12533.2763 12745.8632
13478.5067 12533.9660 12746.0751
13459.0978 12525.3937 12741.1342
13459.1289 12526.0349 12741.3213
13459.1600 12526.6768 12741.5106
13459.1911 12527.3193 12741.7049
13459.2222 12527.9626 12741.9032
13459.2533 12528.6065 12742.1055
13459.2844 12529.2512 12742.3126
13459.3156 12529.8966 12742.5167
13459.3467 12530.5428 12742.7223
13459.3778 12531.1896 12742.9302
13459.4089 12531.8373 12743.1401
13459.4400 12532.4857 12743.3520
13459.4711 12533.1349 12743.5657
13459.5022 12533.7848 12743.7805
13440.9022 12533.4528 12741.3799
13440.8711 12534.0772 12741.5674
13440.8400 12534.7017 12741.7571
13440.8089 12535.3258 12741.9512
13440.7778 12535.9497 12742.1491
13440.7467 12536.5735 12742.3503
13440.7156 12537.1974 12742.5543
13440.6844 12537.8215 12742.7604
13440.6533 12538.4454 12742.9705
13440.6222 12539.0701 12743.1804
13440.5911 12539.6960 12743.3873
13440.5600 12540.3221 12743.5962
13440.5289 12540.9486 12743.8067
13440.4978 12541.5754 12744.0190
13422.7067 12543.4970 12744.1023
13422.6133 12544.1405 12744.3020
13422.5200 12544.7829 12744.5067
13422.4267 12545.4248 12744.7145
13422.3333 12546.0663 12744.9250
13422.2400 12546.7074 12745.1379
13422.1467 12547.3487 12745.3510
13422.0533 12547.9905 12745.5626
13421.9600 12548.6326 12745.7736
13421.8667 12549.2749 12745.9844
13421.7733 12549.9175 12746.1949
13421.6800 12550.5602 12746.4056
13421.5867 12551.2030 12746.6169
13421.4933 12551.8459 12746.8284
13404.5111 12547.9545 12749.4698
13404.3556 12548.5937 12749.6870
13404.2000 12549.2332 12749.9086
13404.0444 12549.8733 12750.1339
13403.8889 12550.5144 12750.3609
13403.7333 12551.1567 12750.5887
13403.5778 12551.8003 12750.8169
13403.4222 12552.4454 12751.0445
13403.2667 12553.0920 12751.2717
13403.1111 12553.7389 12751.4984
13402.9556 12554.3859 12751.7251
13402.8000 12555.0331 12751.9521
13402.6444 12555.6804 12752.1798
13402.4889 12556.3280 12752.4076
13386.3156 12549.9110 12757.8313
13386.0978 12550.5886 12758.0763
13385.8800 12551.2666 12758.3252
13385.6622 12551.9450 12758.5764
13385.4444 12552.6238 12758.8285
13385.2267 12553.3028 12759.0813
13385.0089 12553.9818 12759.3357
13384.7911 12554.6605 12759.5895
13384.5733 12555.3389 12759.8432
13384.3556 12556.0170 12760.0974
13384.1378 12556.6948 12760.3520
13383.9200 12557.3723 12760.6050
13383.7022 12558.0496 12760.8581
13383.4844 12558.7266 12761.1130
13368.1200 12553.6258 12768.8980
13367.8400 12554.4055 12769.1642
13367.5600 12555.1878 12769.4336
13367.2800 12555.9727 12769.7052
13367.0000 12556.7595 12769.9774
13366.7200 12557.5482 12770.2497
13366.4400 12558.3383 12770.5220
13366.1600 12559.1296 12770.7923
13365.8800 12559.9219 12771.0610
13365.6000 12560.7150 12771.3283
13365.3200 12561.5088 12771.5940
13365.0400 12562.3034 12771.8584
13364.7600 12563.0984 12772.1217
13364.4800 12563.8939 12772.3839
13349.9244 12564.5297 12782.4749
13349.5822 12565.4454 12782.7746
13349.2400 12566.3626 12783.0770
13348.8978 12567.2814 12783.3814
13348.5556 12568.2012 12783.6859
13348.2133 12569.1220 12783.9897
13347.8711 12570.0437 12784.2920
13347.5289 12570.9660 12784.5919
13347.1867 12571.8889 12784.8894
13346.8444 12572.8126 12785.1846
13346.5022 12573.7371 12785.4777
13346.1600 12574.6626 12785.7693
13345.8178 12575.5892 12786.0595
13345.4756 12576.5168 12786.3484
13331.7289 12580.0865 12798.7719
13331.3244 12581.1171 12799.1077
13330.9200 12582.1513 12799.4465
13330.5156 12583.1888 12799.7858
13330.1111 12584.2299 12800.1271
13329.7067 12585.2740 12800.4674
13329.3022 12586.3205 12800.8047
13328.8978 12587.3695 12801.1389
13328.4933 12588.4212 12801.4708
13328.0889 12589.4769 12801.8005
13327.6844 12590.5377 12802.1278
13327.2800 12591.6043 12802.4537
13326.8756 12592.6776 12802.7786
13326.4711 12593.7575 12803.1015