300.0000 300.0000 300.0000
13370.0000 12800.0000 12748.1366
13530.0000 12800.0000 12746.2756
13586.0000 12880.0000 12796.8023
13314.0000 12880.0000 12800.7806
13307.0000 12890.0000 12799.5796
13300.0000 12900.0000 12799.5796
13593.0000 12890.0000 12799.5146
13600.0000 12900.0000 12799.5146
13380.6667 12800.0000 12743.1436
13391.3333 12800.0000 12739.0404
13402.0000 12800.0000 12732.3632
13412.6667 12800.0000 12727.3111
13423.3333 12800.0000 12723.6467
13434.0000 12800.0000 12721.2137
13444.6667 12800.0000 12719.9300
13455.3333 12800.0000 12719.7500
13466.0000 12800.0000 12720.6651
13476.6667 12800.0000 12722.7102
13487.3333 12800.0000 12725.9552
13498.0000 12800.0000 12730.5212
13508.6667 12800.0000 12736.6305
13519.3333 12800.0000 12743.1496
13533.7333 12805.3333 12749.8786
13537.4667 12810.6667 12754.0776
13541.2000 12816.0000 12754.0776
13544.9333 12821.3333 12755.6456
13548.6667 12826.6667 12761.7386
13552.4000 12832.0000 12766.1526
13556.1333 12837.3333 12770.5706
13559.8667 12842.6667 12775.0796
13563.6000 12848.0000 12779.5265
13567.3333 12853.3333 12782.6070
13571.0667 12858.6667 12785.6331
13574.8000 12864.0000 12788.5410
13578.5333 12869.3333 12791.3599
13582.2667 12874.6667 12794.1298
13567.8667 12880.0000 12777.5809
13549.7333 12880.0000 12761.0832
13531.6000 12880.0000 12747.3352
13513.4667 12880.0000 12736.1995
13495.3333 12880.0000 12727.8645
13477.2000 12880.0000 12722.7024
13459.0667 12880.0000 12720.3354
13440.9333 12880.0000 12720.5879
13422.8000 12880.0000 12723.4806
13404.6667 12880.0000 12729.2218
13386.5333 12880.0000 12738.2669
13368.4000 12880.0000 12749.7954
13350.2667 12880.0000 12764.0742
13332.1333 12880.0000 12781.1125
13317.7333 12874.6667 12798.2300
13321.4667 12869.3333 12795.4884
13325.2000 12864.0000 12792.6950
13328.9333 12858.6667 12789.7603
13332.6667 12853.3333 12786.7497
13336.4000 12848.0000 12783.6655
13340.1333 12842.6667 12780.0036
13343.8667 12837.3333 12775.8526
13347.6000 12832.0000 12770.9496
13351.3333 12826.6667 12766.5436
13355.0667 12821.3333 12762.2896
13358.8000 12816.0000 12757.9836
13362.5333 12810.6667 12753.9336
13366.2667 12805.3333 12751.9936
13332.0000 12800.0000 12766.5436
13294.0000 12800.0000 12784.5626
13256.0000 12800.0000 12793.2996
13644.0000 12800.0000 12801.9356
13606.0000 12800.0000 12779.6066
13568.0000 12800.0000 12754.0776
13279.7333 12880.0000 12800.3726
13245.4667 12880.0000 12799.5796
13313.5333 12880.6667 12800.7806
13313.0667 12881.3333 12800.7806
13312.6000 12882.0000 12800.3726
13312.1333 12882.6667 12800.3726
13311.6667 12883.3333 12800.3726
13311.2000 12884.0000 12800.3726
13310.7333 12884.6667 12800.3726
13310.2667 12885.3333 12799.9726
13309.8000 12886.0000 12799.9726
13309.3333 12886.6667 12799.9726
13308.8667 12887.3333 12799.9726
13308.4000 12888.0000 12799.5796
13307.9333 12888.6667 12799.5796
13307.4667 12889.3333 12799.5796
13273.2000 12890.0000 12799.5796
13306.5333 12890.6667 12799.5796
13306.0667 12891.3333 12799.5796
13305.6000 12892.0000 12799.5796
13305.1333 12892.6667 12799.5796
13304.6667 12893.3333 12799.5796
13304.2000 12894.0000 12799.5796
13303.7333 12894.6667 12799.5796
13303.2667 12895.3333 12799.5796
13302.8000 12896.0000 12799.5796
13302.3333 12896.6667 12799.5796
13301.8667 12897.3333 12799.5796
13301.4000 12898.0000 12799.5796
13300.9333 12898.6667 12799.5796
13300.4667 12899.3333 12799.5796
13266.6667 12900.0000 12799.5796
13654.5333 12880.0000 12799.5146
13620.2667 12880.0000 12800.3796
13626.8000 12890.0000 12799.5146
13592.5333 12889.3333 12799.5146
13592.0667 12888.6667 12799.5146
13591.6000 12888.0000 12799.9576
13591.1333 12887.3333 12799.9576
13590.6667 12886.6667 12799.9576
13590.2000 12886.0000 12799.8447
13589.7333 12885.3333 12799.5209
13589.2667 12884.6667 12799.1928
13588.8000 12884.0000 12798.8594
13588.3333 12883.3333 12798.5201
13587.8667 12882.6667 12798.1767
13587.4000 12882.0000 12797.8287
13586.9333 12881.3333 12797.4843
13586.4667 12880.6667 12797.1408
13633.3333 12900.0000 12799.5146
13599.5333 12899.3333 12799.5146
13599.0667 12898.6667 12799.5146
13598.6000 12898.0000 12799.5146
13598.1333 12897.3333 12799.5146
13597.6667 12896.6667 12799.5146
13597.2000 12896.0000 12799.5146
13596.7333 12895.3333 12799.5146
13596.2667 12894.6667 12799.5146
13595.8000 12894.0000 12799.5146
13595.3333 12893.3333 12799.5146
13594.8667 12892.6667 12799.5146
13594.4000 12892.0000 12799.5146
13593.9333 12891.3333 12799.5146
13593.4667 12890.6667 12799.5146
13326.0667 12890.0000 12785.4934
13345.1333 12890.0000 12767.9827
13364.2000 12890.0000 12753.3237
13383.2667 12890.0000 12741.5012
13402.3333 12890.0000 12732.2679
13421.4000 12890.0000 12726.3244
13440.4667 12890.0000 12723.3353
13459.5333 12890.0000 12723.0855
13478.6000 12890.0000 12725.5556
13497.6667 12890.0000 12730.9289
13516.7333 12890.0000 12739.5956
13535.8000 12890.0000 12750.9178
13554.8667 12890.0000 12765.0684
13573.9333 12890.0000 12781.9093
13522.5689 12805.3333 12745.7376
13525.8044 12810.6667 12747.4135
13529.0400 12816.0000 12749.3725
13532.2756 12821.3333 12751.5075
13535.5111 12826.6667 12753.7832
13538.7467 12832.0000 12756.0767
13541.9822 12837.3333 12758.4666
13545.2178 12842.6667 12760.8960
13548.4533 12848.0000 12763.3364
13551.6889 12853.3333 12765.7570
13554.9244 12858.6667 12768.1583
13558.1600 12864.0000 12770.5492
13561.3956 12869.3333 12772.9048
13564.6311 12874.6667 12775.2549
13511.4044 12805.3333 12737.4487
13514.1422 12810.6667 12738.5731
13516.8800 12816.0000 12739.9191
13519.6178 12821.3333 12741.1704
13522.3556 12826.6667 12742.6693
13525.0933 12832.0000 12744.2127
13527.8311 12837.3333 12745.8980
13530.5689 12842.6667 12747.6254
13533.3067 12848.0000 12749.4263
13536.0444 12853.3333 12751.2800
13538.7822 12858.6667 12753.1702
13541.5200 12864.0000 12755.0945
13544.2578 12869.3333 12757.0399
13546.9956 12874.6667 12759.0392
13500.2400 12805.3333 12730.5493
13502.4800 12810.6667 12730.7886
13504.7200 12816.0000 12731.3109
13506.9600 12821.3333 12731.9235
13509.2000 12826.6667 12732.8749
13511.4400 12832.0000 12733.8525
13513.6800 12837.3333 12735.1180
13515.9200 12842.6667 12736.4456
13518.1600 12848.0000 12737.8915
13520.4000 12853.3333 12739.2482
13522.6400 12858.6667 12740.6834
13524.8800 12864.0000 12742.2461
13527.1200 12869.3333 12743.8300
13529.3600 12874.6667 12745.5593
13489.0756 12805.3333 12725.4228
13490.8178 12810.6667 12725.0774
13492.5600 12816.0000 12725.0040
13494.3022 12821.3333 12724.9811
13496.0444 12826.6667 12725.3279
13497.7867 12832.0000 12725.6547
13499.5289 12837.3333 12726.3420
13501.2711 12842.6667 12727.0291
13503.0133 12848.0000 12727.9803
13504.7556 12853.3333 12729.0240
13506.4978 12858.6667 12730.1891
13508.2400 12864.0000 12731.5585
13509.9822 12869.3333 12732.9338
13511.7244 12874.6667 12734.5863
13477.9111 12805.3333 12721.8050
13479.1556 12810.6667 12721.0641
13480.4000 12816.0000 12720.5957
13481.6444 12821.3333 12720.1533
13482.8889 12826.6667 12720.1097
13484.1333 12832.0000 12720.0196
13485.3778 12837.3333 12720.3291
13486.6222 12842.6667 12720.6320
13487.8667 12848.0000 12721.2276
13489.1111 12853.3333 12721.9377
13490.3556 12858.6667 12722.7876
13491.6000 12864.0000 12723.8935
13492.8444 12869.3333 12725.0049
13494.0889 12874.6667 12726.4549
13466.7467 12805.3333 12719.5233
13467.4933 12810.6667 12718.5371
13468.2400 12816.0000 12717.8336
13468.9867 12821.3333 12717.1408
13469.7333 12826.6667 12716.8566
13470.4800 12832.0000 12716.5161
13471.2267 12837.3333 12716.5977
13471.9733 12842.6667 12716.6665
13472.7200 12848.0000 12717.0501
13473.4667 12853.3333 12717.5551
13474.2133 12858.6667 12718.2176
13474.9600 12864.0000 12719.1566
13475.7067 12869.3333 12720.1012
13476.4533 12874.6667 12721.4268
13455.5822 12805.3333 12718.4993
13455.8311 12810.6667 12717.4077
13456.0800 12816.0000 12716.5861
13456.3289 12821.3333 12715.7784
13456.5778 12826.6667 12715.3810
13456.8267 12832.0000 12714.9254
13457.0756 12837.3333 12714.9016
13457.3244 12842.6667 12714.8665
13457.5733 12848.0000 12715.1478
13457.8222 12853.3333 12715.5553
13458.0711 12858.6667 12716.1317
13458.3200 12864.0000 12716.9894
13458.5689 12869.3333 12717.8583
13458.8178 12874.6667 12719.1138
13444.4178 12805.3333 12718.6902
13444.1689 12810.6667 12717.6100
13443.9200 12816.0000 12716.7972
13443.6711 12821.3333 12715.9985
13443.4222 12826.6667 12715.6090
13443.1733 12832.0000 12715.1597
13442.9244 12837.3333 12715.1422
13442.6756 12842.6667 12715.1110
13442.4267 12848.0000 12715.3970
13442.1778 12853.3333 12715.8083
13441.9289 12858.6667 12716.3860
13441.6800 12864.0000 12717.2446
13441.4311 12869.3333 12718.1139
13441.1822 12874.6667 12719.3694
13433.2533 12805.3333 12720.1050
13432.5067 12810.6667 12719.1495
13431.7600 12816.0000 12718.4756
13431.0133 12821.3333 12717.8118
13430.2667 12826.6667 12717.5500
13429.5200 12832.0000 12717.2325
13428.7733 12837.3333 12717.3317
13428.0267 12842.6667 12717.4162
13427.2800 12848.0000 12717.8135
13426.5333 12853.3333 12718.3275
13425.7867 12858.6667 12718.9992
13425.0400 12864.0000 12719.9403
13424.2933 12869.3333 12720.8863
13423.5467 12874.6667 12722.2082
13422.0889 12805.3333 12722.7971
13420.8444 12810.6667 12722.1136
13419.6000 12816.0000 12721.6985
13418.3556 12821.3333 12721.3109
13417.1111 12826.6667 12721.3070
13415.8667 12832.0000 12721.2617
13414.6222 12837.3333 12721.6025
13413.3778 12842.6667 12721.9426
13412.1333 12848.0000 12722.5569
13410.8889 12853.3333 12723.2853
13409.6444 12858.6667 12724.1491
13408.4000 12864.0000 12725.2573
13407.1556 12869.3333 12726.3740
13405.9111 12874.6667 12727.8180
13410.9244 12805.3333 12726.8727
13409.1822 12810.6667 12726.6175
13407.4400 12816.0000 12726.6252
13405.6978 12821.3333 12726.6883
13403.9556 12826.6667 12727.1047
13402.2133 12832.0000 12727.5063
13400.4711 12837.3333 12728.2483
13398.7289 12842.6667 12728.9927
13396.9867 12848.0000 12729.9811
13395.2444 12853.3333 12731.0566
13393.5022 12858.6667 12732.2408
13391.7600 12864.0000 12733.6236
13390.0178 12869.3333 12735.0024
13388.2756 12874.6667 12736.6494
13399.7600 12805.3333 12732.5234
13397.5200 12810.6667 12732.9028
13395.2800 12816.0000 12733.5541
13393.0400 12821.3333 12734.3095
13390.8000 12826.6667 12735.3691
13388.5600 12832.0000 12736.4871
13386.3200 12837.3333 12737.8503
13384.0800 12842.6667 12739.0589
13381.8400 12848.0000 12740.3658
13379.6000 12853.3333 12741.7525
13377.3600 12858.6667 12743.2000
13375.1200 12864.0000 12744.7469
13372.8800 12869.3333 12746.3360
13370.6400 12874.6667 12748.0348
13388.5956 12805.3333 12740.1035
13385.8578 12810.6667 12741.2413
13383.1200 12816.0000 12742.4834
13380.3822 12821.3333 12743.8793
13377.6444 12826.6667 12745.4518
13374.9067 12832.0000 12747.0902
13372.1689 12837.3333 12748.8354
13369.4311 12842.6667 12750.6295
13366.6933 12848.0000 12752.4660
13363.9556 12853.3333 12754.3395
13361.2178 12858.6667 12756.2368
13358.4800 12864.0000 12758.1577
13355.7422 12869.3333 12760.0889
13353.0044 12874.6667 12762.0767
13377.4311 12805.3333 12748.1366
13374.1956 12810.6667 12750.3257
13370.9600 12816.0000 12752.5019
13367.7244 12821.3333 12754.6836
13364.4889 12826.6667 12757.0386
13361.2533 12832.0000 12759.4629
13358.0178 12837.3333 12761.9316
13354.7822 12842.6667 12764.4724
13351.5467 12848.0000 12766.8978
13348.3111 12853.3333 12769.3508
13345.0756 12858.6667 12771.7668
13341.8400 12864.0000 12774.1563
13338.6044 12869.3333 12776.5016
13335.3689 12874.6667 12778.8261
13328.5156 12805.3333 12766.5436
13325.0311 12810.6667 12766.5436
13321.5467 12816.0000 12775.8526
13318.0622 12821.3333 12780.0036
13314.5778 12826.6667 12784.5626
13311.0933 12832.0000 12784.5626
13307.6089 12837.3333 12793.2996
13304.1244 12842.6667 12793.2996
13300.6400 12848.0000 12793.2996
13297.1556 12853.3333 12801.9356
13293.6711 12858.6667 12801.9356
13290.1867 12864.0000 12801.9356
13286.7022 12869.3333 12801.9356
13283.2178 12874.6667 12800.7806
13290.7644 12805.3333 12784.5626
13287.5289 12810.6667 12784.5626
13284.2933 12816.0000 12784.5626
13281.0578 12821.3333 12793.2996
13277.8222 12826.6667 12793.2996
13274.5867 12832.0000 12801.9356
13271.3511 12837.3333 12801.9356
13268.1156 12842.6667 12801.9356
13264.8800 12848.0000 12801.9356
13261.6444 12853.3333 12801.9356
13258.4089 12858.6667 12801.9356
13255.1733 12864.0000 12801.9356
13251.9378 12869.3333 12800.7806
13248.7022 12874.6667 12800.3726
13253.0133 12805.3333 12793.2996
13250.0267 12810.6667 12801.9356
13247.0400 12816.0000 12801.9356
13244.0533 12821.3333 12801.9356
13241.0667 12826.6667 12801.9356
13279.2978 12880.6667 12799.9726
13278.8622 12881.3333 12799.9726
13278.4267 12882.0000 12799.9726
13277.9911 12882.6667 12799.9726
13277.5556 12883.3333 12799.9726
13277.1200 12884.0000 12799.5796
13276.6844 12884.6667 12799.5796
13276.2489 12885.3333 12799.5796
13275.8133 12886.0000 12799.5796
13275.3778 12886.6667 12799.5796
13274.9422 12887.3333 12799.5796
13274.5067 12888.0000 12799.5796
13274.0711 12888.6667 12799.5796
13273.6356 12889.3333 12799.5796
13245.0622 12880.6667 12799.5796
13244.6578 12881.3333 12799.5796
13244.2533 12882.0000 12799.5796
13243.8489 12882.6667 12799.5796
13243.4444 12883.3333 12799.5796
13243.0400 12884.0000 12799.5796
13242.6356 12884.6667 12799.5796
13242.2311 12885.3333 12799.5796
13241.8267 12886.0000 12799.5796
13241.4222 12886.6667 12799.5796
13241.0178 12887.3333 12799.5796
13240.6133 12888.0000 12799.5796
13240.2089 12888.6667 12799.5796
13272.7644 12890.6667 12799.5796
13272.3289 12891.3333 12799.5796
13271.8933 12892.0000 12799.5796
13271.4578 12892.6667 12799.5796
13271.0222 12893.3333 12799.5796
13270.5867 12894.0000 12799.5796
13270.1511 12894.6667 12799.5796
13269.7156 12895.3333 12799.5796
13269.2800 12896.0000 12799.5796
13268.8444 12896.6667 12799.5796
13268.4089 12897.3333 12799.5796
13267.9733 12898.0000 12799.5796
13267.5378 12898.6667 12799.5796
13267.1022 12899.3333 12799.5796
13646.9867 12805.3333 12801.9356
13649.9733 12810.6667 12801.9356
13652.9600 12816.0000 12801.9356
13655.9467 12821.3333 12801.9356
13658.9333 12826.6667 12801.9356
13609.2356 12805.3333 12783.7266
13612.4711 12810.6667 12783.7266
13615.7067 12816.0000 12783.7266
13618.9422 12821.3333 12783.7266
13622.1778 12826.6667 12801.9356
13625.4133 12832.0000 12801.9356
13628.6489 12837.3333 12801.9356
13631.8844 12842.6667 12801.9356
13635.1200 12848.0000 12801.9356
13638.3556 12853.3333 12801.9356
13641.5911 12858.6667 12801.9356
13644.8267 12864.0000 12801.9356
13648.0622 12869.3333 12800.7806
13651.2978 12874.6667 12800.3796
13571.4844 12805.3333 12766.1526
13574.9689 12810.6667 12766.1526
13578.4533 12816.0000 12770.5706
13581.9378 12821.3333 12775.0796
13585.4222 12826.6667 12779.6066
13588.9067 12832.0000 12783.7266
13592.3911 12837.3333 12783.7266
13595.8756 12842.6667 12788.2456
13599.3600 12848.0000 12801.9356
13602.8444 12853.3333 12801.9356
13606.3289 12858.6667 12801.9356
13609.8133 12864.0000 12801.9356
13613.2978 12869.3333 12801.9356
13616.7822 12874.6667 12800.7806
13654.9378 12880.6667 12799.5146
13655.3422 12881.3333 12799.5146
13655.7467 12882.0000 12799.5146
13656.1511 12882.6667 12799.5146
13656.5556 12883.3333 12799.5146
13656.9600 12884.0000 12799.5146
13657.3644 12884.6667 12799.5146
13657.7689 12885.3333 12799.5146
13658.1733 12886.0000 12799.5146
13658.5778 12886.6667 12799.5146
13658.9822 12887.3333 12799.5146
13659.3867 12888.0000 12799.5146
13659.7911 12888.6667 12799.5146
13620.7022 12880.6667 12800.3796
13621.1378 12881.3333 12799.9576
13621.5733 12882.0000 12799.9576
13622.0089 12882.6667 12799.9576
13622.4444 12883.3333 12799.9576
13622.8800 12884.0000 12799.5146
13623.3156 12884.6667 12799.5146
13623.7511 12885.3333 12799.5146
13624.1867 12886.0000 12799.5146
13624.6222 12886.6667 12799.5146
13625.0578 12887.3333 12799.5146
13625.4933 12888.0000 12799.5146
13625.9289 12888.6667 12799.5146
13626.3644 12889.3333 12799.5146
13627.2356 12890.6667 12799.5146
13627.6711 12891.3333 12799.5146
13628.1067 12892.0000 12799.5146
13628.5422 12892.6667 12799.5146
13628.9778 12893.3333 12799.5146
13629.4133 12894.0000 12799.5146
13629.8489 12894.6667 12799.5146
13630.2844 12895.3333 12799.5146
13630.7200 12896.0000 12799.5146
13631.1556 12896.6667 12799.5146
13631.5911 12897.3333 12799.5146
13632.0267 12898.0000 12799.5146
13632.4622 12898.6667 12799.5146
13632.8978 12899.3333 12799.5146
13568.2711 12880.6667 12777.8769
13568.6756 12881.3333 12778.1778
13569.0800 12882.0000 12778.4781
13569.4844 12882.6667 12778.7814
13569.8889 12883.3333 12779.0828
13570.2933 12884.0000 12779.3798
13570.6978 12884.6667 12779.6722
13571.1022 12885.3333 12779.9619
13571.5067 12886.0000 12780.2483
13571.9111 12886.6667 12780.5316
13572.3156 12887.3333 12780.8129
13572.7200 12888.0000 12781.0919
13573.1244 12888.6667 12781.3680
13573.5289 12889.3333 12781.6404
13550.0756 12880.6667 12761.3420
13550.4178 12881.3333 12761.6024
13550.7600 12882.0000 12761.8641
13551.1022 12882.6667 12762.1272
13551.4444 12883.3333 12762.3940
13551.7867 12884.0000 12762.6616
13552.1289 12884.6667 12762.9290
13552.4711 12885.3333 12763.1970
13552.8133 12886.0000 12763.4649
13553.1556 12886.6667 12763.7339
13553.4978 12887.3333 12764.0033
13553.8400 12888.0000 12764.2732
13554.1822 12888.6667 12764.5404
13554.5244 12889.3333 12764.8062
13531.8800 12880.6667 12747.5651
13532.1600 12881.3333 12747.7970
13532.4400 12882.0000 12748.0307
13532.7200 12882.6667 12748.2661
13533.0000 12883.3333 12748.5027
13533.2800 12884.0000 12748.7398
13533.5600 12884.6667 12748.9769
13533.8400 12885.3333 12749.2150
13534.1200 12886.0000 12749.4544
13534.4000 12886.6667 12749.6954
13534.6800 12887.3333 12749.9380
13534.9600 12888.0000 12750.1820
13535.2400 12888.6667 12750.4271
13535.5200 12889.3333 12750.6726
13513.6844 12880.6667 12736.4143
13513.9022 12881.3333 12736.6367
13514.1200 12882.0000 12736.8633
13514.3378 12882.6667 12737.0920
13514.5556 12883.3333 12737.3217
13514.7733 12884.0000 12737.5517
13514.9911 12884.6667 12737.7809
13515.2089 12885.3333 12738.0095
13515.4267 12886.0000 12738.2373
13515.6444 12886.6667 12738.4637
13515.8622 12887.3333 12738.6887
13516.0800 12888.0000 12738.9148
13516.2978 12888.6667 12739.1420
13516.5156 12889.3333 12739.3697
13495.4889 12880.6667 12728.0552
13495.6444 12881.3333 12728.2550
13495.8000 12882.0000 12728.4595
13495.9556 12882.6667 12728.6657
13496.1111 12883.3333 12728.8749
13496.2667 12884.0000 12729.0832
13496.4222 12884.6667 12729.2891
13496.5778 12885.3333 12729.4940
13496.7333 12886.0000 12729.6985
13496.8889 12886.6667 12729.9029
13497.0444 12887.3333 12730.1076
13497.2000 12888.0000 12730.3128
13497.3556 12888.6667 12730.5183
13497.5111 12889.3333 12730.7238
13477.2933 12880.6667 12722.8778
13477.3867 12881.3333 12723.0630
13477.4800 12882.0000 12723.2538
13477.5733 12882.6667 12723.4471
13477.6667 12883.3333 12723.6413
13477.7600 12884.0000 12723.8358
13477.8533 12884.6667 12724.0281
13477.9467 12885.3333 12724.2193
13478.0400 12886.0000 12724.4098
13478.1333 12886.6667 12724.6001
13478.2267 12887.3333 12724.7907
13478.3200 12888.0000 12724.9817
13478.4133 12888.6667 12725.1731
13478.5067 12889.3333 12725.3644
13459.0978 12880.6667 12720.4921
13459.1289 12881.3333 12720.6543
13459.1600 12882.0000 12720.8238
13459.1911 12882.6667 12720.9993
13459.2222 12883.3333 12721.1811
13459.2533 12884.0000 12721.3696
13459.2844 12884.6667 12721.5511
13459.3156 12885.3333 12721.7360
13459.3467 12886.0000 12721.9245
13459.3778 12886.6667 12722.1163
13459.4089 12887.3333 12722.3113
13459.4400 12888.0000 12722.5093
13459.4711 12888.6667 12722.7076
13459.5022 12889.3333 12722.9008
13440.9022 12880.6667 12720.7460
13440.8711 12881.3333 12720.9089
13440.8400 12882.0000 12721.0784
13440.8089 12882.6667 12721.2536
13440.7778 12883.3333 12721.4335
13440.7467 12884.0000 12721.6176
13440.7156 12884.6667 12721.8045
13440.6844 12885.3333 12721.9972
13440.6533 12886.0000 12722.1890
13440.6222 12886.6667 12722.3762
13440.5911 12887.3333 12722.5665
13440.5600 12888.0000 12722.7597
13440.5289 12888.6667 12722.9558
13440.4978 12889.3333 12723.1497
13422.7067 12880.6667 12723.6555
13422.6133 12881.3333 12723.8403
13422.5200 12882.0000 12724.0306
13422.4267 12882.6667 12724.2238
13422.3333 12883.3333 12724.4180
13422.2400 12884.0000 12724.6116
13422.1467 12884.6667 12724.8034
13422.0533 12885.3333 12724.9938
13421.9600 12886.0000 12725.1833
13421.8667 12886.6667 12725.3725
13421.7733 12887.3333 12725.5625
13421.6800 12888.0000 12725.7528
13421.5867 12888.6667 12725.9434
13421.4933 12889.3333 12726.1341
13404.5111 12880.6667 12729.4116
13404.3556 12881.3333 12729.6106
13404.2000 12882.0000 12729.8146
13404.0444 12882.6667 12730.0209
13403.8889 12883.3333 12730.2278
13403.7333 12884.0000 12730.4348
13403.5778 12884.6667 12730.6397
13403.4222 12885.3333 12730.8434
13403.2667 12886.0000 12731.0463
13403.1111 12886.6667 12731.2488
13402.9556 12887.3333 12731.4522
13402.8000 12888.0000 12731.6560
13402.6444 12888.6667 12731.8601
13402.4889 12889.3333 12732.0642
13386.3156 12880.6667 12738.4763
13386.0978 12881.3333 12738.6928
13385.8800 12882.0000 12738.9118
13385.6622 12882.6667 12739.1317
13385.4444 12883.3333 12739.3525
13385.2267 12884.0000 12739.5729
13385.0089 12884.6667 12739.7895
13384.7911 12885.3333 12740.0039
13384.5733 12886.0000 12740.2175
13384.3556 12886.6667 12740.4314
13384.1378 12887.3333 12740.6468
13383.9200 12888.0000 12740.8611
13383.7022 12888.6667 12741.0748
13383.4844 12889.3333 12741.2882
13368.1200 12880.6667 12750.0261
13367.8400 12881.3333 12750.2651
13367.5600 12882.0000 12750.5078
13367.2800 12882.6667 12750.7514
13367.0000 12883.3333 12750.9956
13366.7200 12884.0000 12751.2381
13366.4400 12884.6667 12751.4771
13366.1600 12885.3333 12751.7134
13365.8800 12886.0000 12751.9471
13365.6000 12886.6667 12752.1789
13365.3200 12887.3333 12752.4097
13365.0400 12888.0000 12752.6396
13364.7600 12888.6667 12752.8685
13364.4800 12889.3333 12753.0966
13349.9244 12880.6667 12764.3334
13349.5822 12881.3333 12764.5995
13349.2400 12882.0000 12764.8659
13348.8978 12882.6667 12765.1368
13348.5556 12883.3333 12765.4083
13348.2133 12884.0000 12765.6760
13347.8711 12884.6667 12765.9394
13347.5289 12885.3333 12766.2001
13347.1867 12886.0000 12766.4594
13346.8444 12886.6667 12766.7160
13346.5022 12887.3333 12766.9725
13346.1600 12888.0000 12767.2276
13345.8178 12888.6667 12767.4817
13345.4756 12889.3333 12767.7340
13331.7289 12880.6667 12781.4057
13331.3244 12881.3333 12781.7058
13330.9200 12882.0000 12782.0092
13330.5156 12882.6667 12782.3101
13330.1111 12883.3333 12782.6135
13329.7067 12884.0000 12782.9129
13329.3022 12884.6667 12783.2085
13328.8978 12885.3333 12783.5002
13328.4933 12886.0000 12783.7900
13328.0889 12886.6667 12784.0783
13327.6844 12887.3333 12784.3652
13327.2800 12888.0000 12784.6507
13326.8756 12888.6667 12784.9340
13326.4711 12889.3333 12785.2153
13370.0000 12800.0000 12768.9597
13530.0000 12800.0000 12769.4465
13314.0000 12880.0000 12817.3836
13307.0000 12890.0000 12822.9632
13300.0000 12900.0000 12826.1336
13586.0000 12880.0000 12813.3397
13593.0000 12890.0000 12818.8788
13600.0000 12900.0000 12823.5696
13332.0000 12800.0000 12793.4987
13294.0000 12800.0000 12807.4186
13256.0000 12800.0000 12821.4724
13519.3333 12800.0000 12761.6535
13508.6667 12800.0000 12755.1753
13498.0000 12800.0000 12750.0830
13487.3333 12800.0000 12746.1936
13476.6667 12800.0000 12743.3944
13466.0000 12800.0000 12741.6151
13455.3333 12800.0000 12740.8156
13444.6667 12800.0000 12740.9760
13434.0000 12800.0000 12742.1002
13423.3333 12800.0000 12744.2156
13412.6667 12800.0000 12747.3713
13402.0000 12800.0000 12751.6508
13391.3333 12800.0000 12757.1800
13380.6667 12800.0000 12764.1582
13644.0000 12800.0000 12820.5124
13606.0000 12800.0000 12802.3716
13568.0000 12800.0000 12783.2917
13366.2667 12805.3333 12771.3291
13362.5333 12810.6667 12775.3868
13358.8000 12816.0000 12777.8445
13355.0667 12821.3333 12780.4127
13351.3333 12826.6667 12783.4540
13347.6000 12832.0000 12786.7334
13343.8667 12837.3333 12790.2774
13340.1333 12842.6667 12793.8076
13336.4000 12848.0000 12797.3130
13332.6667 12853.3333 12800.8311
13328.9333 12858.6667 12804.3825
13325.2000 12864.0000 12807.8084
13321.4667 12869.3333 12811.1263
13317.7333 12874.6667 12814.3060
13279.7333 12880.0000 12826.2784
13245.4667 12880.0000 12826.3355
13313.5333 12880.6667 12817.7609
13313.0667 12881.3333 12818.1392
13312.6000 12882.0000 12818.5184
13312.1333 12882.6667 12818.8974
13311.6667 12883.3333 12819.2765
13311.2000 12884.0000 12819.6549
13310.7333 12884.6667 12820.0300
13310.2667 12885.3333 12820.4021
13309.8000 12886.0000 12820.7727
13309.3333 12886.6667 12821.1418
13308.8667 12887.3333 12821.5093
13308.4000 12888.0000 12821.8764
13307.9333 12888.6667 12822.2431
13307.4667 12889.3333 12822.6060
13273.2000 12890.0000 12826.1693
13306.5333 12890.6667 12823.3197
13306.0667 12891.3333 12823.6474
13305.6000 12892.0000 12823.6448
13305.1333 12892.6667 12823.6424
13304.6667 12893.3333 12826.1442
13304.2000 12894.0000 12826.1422
13303.7333 12894.6667 12826.1404
13303.2667 12895.3333 12826.1389
13302.8000 12896.0000 12826.1375
13302.3333 12896.6667 12826.1363
13301.8667 12897.3333 12826.1353
13301.4000 12898.0000 12826.1346
13300.9333 12898.6667 12826.1340
13300.4667 12899.3333 12826.1337
13266.6667 12900.0000 12826.1336
13654.5333 12880.0000 12824.1545
13620.2667 12880.0000 12824.8004
13582.2667 12874.6667 12810.2388
13578.5333 12869.3333 12807.0457
13574.8000 12864.0000 12803.7303
13571.0667 12858.6667 12800.3277
13567.3333 12853.3333 12796.8595
13563.6000 12848.0000 12793.3467
13559.8667 12842.6667 12789.8692
13556.1333 12837.3333 12786.3458
13552.4000 12832.0000 12783.0482
13548.6667 12826.6667 12779.8707
13544.9333 12821.3333 12777.0392
13541.2000 12816.0000 12774.4029
13537.4667 12810.6667 12772.2286
13533.7333 12805.3333 12770.6253
13626.8000 12890.0000 12823.6053
13592.5333 12889.3333 12818.5345
13592.0667 12888.6667 12818.1865
13591.6000 12888.0000 12817.8343
13591.1333 12887.3333 12817.4786
13590.6667 12886.6667 12817.1185
13590.2000 12886.0000 12816.7547
13589.7333 12885.3333 12816.3862
13589.2667 12884.6667 12816.0131
13588.8000 12884.0000 12815.6348
13588.3333 12883.3333 12815.2550
13587.8667 12882.6667 12814.8713
13587.4000 12882.0000 12814.4864
13586.9333 12881.3333 12814.1034
13586.4667 12880.6667 12813.7219
13633.3333 12900.0000 12823.5696
13599.5333 12899.3333 12823.5697
13599.0667 12898.6667 12823.5700
13598.6000 12898.0000 12823.5706
13598.1333 12897.3333 12823.5713
13597.6667 12896.6667 12823.5723
13597.2000 12896.0000 12823.5735
13596.7333 12895.3333 12823.5749
13596.2667 12894.6667 12821.0924
13595.8000 12894.0000 12821.0942
13595.3333 12893.3333 12821.0962
13594.8667 12892.6667 12821.0984
13594.4000 12892.0000 12821.1008
13593.9333 12891.3333 12818.6414
13593.4667 12890.6667 12819.2189
13567.8667 12880.0000 12794.9276
13549.7333 12880.0000 12779.2165
13531.6000 12880.0000 12766.2273
13513.4667 12880.0000 12755.6384
13495.3333 12880.0000 12747.9490
13477.2000 12880.0000 12743.1523
13459.0667 12880.0000 12740.9478
13440.9333 12880.0000 12741.1935
13422.8000 12880.0000 12743.9060
13404.6667 12880.0000 12749.2553
13386.5333 12880.0000 12757.5889
13368.4000 12880.0000 12768.6338
13350.2667 12880.0000 12782.1762
13332.1333 12880.0000 12798.4352
13326.0667 12890.0000 12803.4214
13345.1333 12890.0000 12786.6361
13364.2000 12890.0000 12772.6450
13383.2667 12890.0000 12761.3679
13402.3333 12890.0000 12752.6354
13421.4000 12890.0000 12747.0396
13440.4667 12890.0000 12744.2312
13459.5333 12890.0000 12743.9923
13478.6000 12890.0000 12746.2870
13497.6667 12890.0000 12751.3319
13516.7333 12890.0000 12759.4104
13535.8000 12890.0000 12770.2580
13554.8667 12890.0000 12783.7121
13573.9333 12890.0000 12799.8766
13328.5156 12805.3333 12796.1775
13325.0311 12810.6667 12794.4301
13321.5467 12816.0000 12800.9869
13318.0622 12821.3333 12799.7412
13314.5778 12826.6667 12806.8365
13311.0933 12832.0000 12810.4201
13307.6089 12837.3333 12809.7175
13304.1244 12842.6667 12814.3143
13300.6400 12848.0000 12820.5090
13297.1556 12853.3333 12820.1472
13293.6711 12858.6667 12824.1324
13290.1867 12864.0000 12826.1053
13286.7022 12869.3333 12825.9367
13283.2178 12874.6667 12825.3581
13290.7644 12805.3333 12813.4048
13287.5289 12810.6667 12816.0000
13284.2933 12816.0000 12814.4221
13281.0578 12821.3333 12818.2488
13277.8222 12826.6667 12821.4870
13274.5867 12832.0000 12822.8266
13271.3511 12837.3333 12822.0424
13268.1156 12842.6667 12827.8584
13264.8800 12848.0000 12827.3304
13261.6444 12853.3333 12826.9023
13258.4089 12858.6667 12826.5583
13255.1733 12864.0000 12826.2841
13251.9378 12869.3333 12826.6320
13248.7022 12874.6667 12826.4637
13253.0133 12805.3333 12828.7188
13250.0267 12810.6667 12829.0223
13247.0400 12816.0000 12827.3158
13244.0533 12821.3333 12825.8537
13241.0667 12826.6667 12831.0701
13279.2978 12880.6667 12826.2686
13278.8622 12881.3333 12826.2591
13278.4267 12882.0000 12826.2501
13277.9911 12882.6667 12826.2414
13277.5556 12883.3333 12826.2331
13277.1200 12884.0000 12826.2252
13276.6844 12884.6667 12826.2176
13276.2489 12885.3333 12826.2104
13275.8133 12886.0000 12826.2035
13275.3778 12886.6667 12826.1970
13274.9422 12887.3333 12826.1908
13274.5067 12888.0000 12826.1849
13274.0711 12888.6667 12826.1794
13273.6356 12889.3333 12826.1742
13245.0622 12880.6667 12826.3220
13244.6578 12881.3333 12826.3090
13244.2533 12882.0000 12826.2965
13243.8489 12882.6667 12826.2845
13243.4444 12883.3333 12826.2730
13243.0400 12884.0000 12826.2620
13242.6356 12884.6667 12826.2515
13242.2311 12885.3333 12826.2414
13241.8267 12886.0000 12826.2318
13241.4222 12886.6667 12826.2227
13241.0178 12887.3333 12826.2140
13240.6133 12888.0000 12826.2058
13240.2089 12888.6667 12826.1981
13272.7644 12890.6667 12826.1648
13272.3289 12891.3333 12826.1605
13271.8933 12892.0000 12826.1566
13271.4578 12892.6667 12826.1529
13271.0222 12893.3333 12826.1496
13270.5867 12894.0000 12826.1466
13270.1511 12894.6667 12826.1439
13269.7156 12895.3333 12826.1415
13269.2800 12896.0000 12826.1394
13268.8444 12896.6667 12826.1377
13268.4089 12897.3333 12826.1362
13267.9733 12898.0000 12826.1351
13267.5378 12898.6667 12826.1343
13267.1022 12899.3333 12826.1338
13646.9867 12805.3333 12837.7328
13649.9733 12810.6667 12835.7523
13652.9600 12816.0000 12834.0458
13655.9467 12821.3333 12832.5837
13658.9333 12826.6667 12831.3381
13609.2356 12805.3333 12812.7018
13612.4711 12810.6667 12810.8550
13615.7067 12816.0000 12813.4621
13618.9422 12821.3333 12812.1228
13622.1778 12826.6667 12816.4780
13625.4133 12832.0000 12829.5566
13628.6489 12837.3333 12828.7724
13631.8844 12842.6667 12828.1264
13635.1200 12848.0000 12827.5984
13638.3556 12853.3333 12827.1703
13641.5911 12858.6667 12826.8263
13644.8267 12864.0000 12826.5521
13648.0622 12869.3333 12825.6140
13651.2978 12874.6667 12824.9857
13571.4844 12805.3333 12781.2455
13574.9689 12810.6667 12797.4211
13578.4533 12816.0000 12795.9399
13581.9378 12821.3333 12794.6942
13585.4222 12826.6667 12801.5315
13588.9067 12832.0000 12805.2751
13592.3911 12837.3333 12808.7575
13595.8756 12842.6667 12813.6723
13599.3600 12848.0000 12813.2160
13602.8444 12853.3333 12824.5032
13606.3289 12858.6667 12826.5934
13609.8133 12864.0000 12826.3733
13613.2978 12869.3333 12826.2047
13616.7822 12874.6667 12825.3551
13654.9378 12880.6667 12824.1410
13655.3422 12881.3333 12824.1280
13655.7467 12882.0000 12823.7325
13656.1511 12882.6667 12823.7205
13656.5556 12883.3333 12823.7090
13656.9600 12884.0000 12823.6980
13657.3644 12884.6667 12823.6875
13657.7689 12885.3333 12823.6774
13658.1733 12886.0000 12823.6678
13658.5778 12886.6667 12823.6587
13658.9822 12887.3333 12823.6500
13659.3867 12888.0000 12823.6418
13659.7911 12888.6667 12823.6341
13620.7022 12880.6667 12824.4506
13621.1378 12881.3333 12824.4411
13621.5733 12882.0000 12824.4321
13622.0089 12882.6667 12824.4234
13622.4444 12883.3333 12824.0521
13622.8800 12884.0000 12824.0442
13623.3156 12884.6667 12824.0366
13623.7511 12885.3333 12824.0294
13624.1867 12886.0000 12823.6395
13624.6222 12886.6667 12823.6330
13625.0578 12887.3333 12823.6268
13625.4933 12888.0000 12823.6209
13625.9289 12888.6667 12823.6154
13626.3644 12889.3333 12823.6102
13627.2356 12890.6667 12823.6008
13627.6711 12891.3333 12823.5965
13628.1067 12892.0000 12823.5926
13628.5422 12892.6667 12823.5889
13628.9778 12893.3333 12823.5856
13629.4133 12894.0000 12823.5826
13629.8489 12894.6667 12823.5799
13630.2844 12895.3333 12823.5775
13630.7200 12896.0000 12823.5754
13631.1556 12896.6667 12823.5737
13631.5911 12897.3333 12823.5722
13632.0267 12898.0000 12823.5711
13632.4622 12898.6667 12823.5703
13632.8978 12899.3333 12823.5698
13522.5689 12805.3333 12762.1043
13525.8044 12810.6667 12763.1898
13529.0400 12816.0000 12764.4797
13532.2756 12821.3333 12766.1174
13535.5111 12826.6667 12768.1105
13538.7467 12832.0000 12770.3822
13541.9822 12837.3333 12772.8626
13545.2178 12842.6667 12775.4915
13548.4533 12848.0000 12778.2247
13551.6889 12853.3333 12781.0206
13554.9244 12858.6667 12783.8326
13558.1600 12864.0000 12786.6621
13561.3956 12869.3333 12789.4468
13564.6311 12874.6667 12792.2083
13511.4044 12805.3333 12754.7546
13514.1422 12810.6667 12754.8076
13516.8800 12816.0000 12755.4192
13519.6178 12821.3333 12756.4118
13522.3556 12826.6667 12757.8459
13525.0933 12832.0000 12759.6213
13527.8311 12837.3333 12761.3807
13530.5689 12842.6667 12763.2910
13533.3067 12848.0000 12765.3576
13536.0444 12853.3333 12767.5414
13538.7822 12858.6667 12769.7883
13541.5200 12864.0000 12772.1068
13544.2578 12869.3333 12774.4686
13546.9956 12874.6667 12776.8309
13500.2400 12805.3333 12749.0132
13502.4800 12810.6667 12748.3596
13504.7200 12816.0000 12748.2480
13506.9600 12821.3333 12748.4383
13509.2000 12826.6667 12749.0999
13511.4400 12832.0000 12749.9975
13513.6800 12837.3333 12751.2344
13515.9200 12842.6667 12752.6785
13518.1600 12848.0000 12754.3344
13520.4000 12853.3333 12756.1628
13522.6400 12858.6667 12758.1261
13524.8800 12864.0000 12760.1418
13527.1200 12869.3333 12762.0719
13529.3600 12874.6667 12764.1347
13489.0756 12805.3333 12744.6546
13490.8178 12810.6667 12743.4926
13492.5600 12816.0000 12742.8761
13494.3022 12821.3333 12742.5124
13496.0444 12826.6667 12742.6412
13497.7867 12832.0000 12742.9677
13499.5289 12837.3333 12743.6624
13501.2711 12842.6667 12744.5548
13503.0133 12848.0000 12745.6752
13504.7556 12853.3333 12747.0148
13506.4978 12858.6667 12748.4546
13508.2400 12864.0000 12750.1270
13509.9822 12869.3333 12751.8253
13511.7244 12874.6667 12753.7245
13477.9111 12805.3333 12741.5299
13479.1556 12810.6667 12740.0163
13480.4000 12816.0000 12739.0549
13481.6444 12821.3333 12738.3169
13482.8889 12826.6667 12738.0879
13484.1333 12832.0000 12738.0333
13485.3778 12837.3333 12738.3692
13486.6222 12842.6667 12738.9001
13487.8667 12848.0000 12739.6700
13489.1111 12853.3333 12740.6831
13490.3556 12858.6667 12741.7969
13491.6000 12864.0000 12743.1888
13492.8444 12869.3333 12744.5997
13494.0889 12874.6667 12746.2681
13466.7467 12805.3333 12739.5471
13467.4933 12810.6667 12737.8174
13468.2400 12816.0000 12736.6384
13468.9867 12821.3333 12735.6689
13469.7333 12826.6667 12735.2183
13470.4800 12832.0000 12734.9272
13471.2267 12837.3333 12735.0475
13471.9733 12842.6667 12735.3560
13472.7200 12848.0000 12735.9090
13473.4667 12853.3333 12736.7253
13474.2133 12858.6667 12737.6399
13474.9600 12864.0000 12738.8608
13475.7067 12869.3333 12740.0948
13476.4533 12874.6667 12741.6180
13455.5822 12805.3333 12738.6524
13455.8311 12810.6667 12736.8214
13456.0800 12816.0000 12735.5433
13456.3289 12821.3333 12734.4663
13456.5778 12826.6667 12733.9125
13456.8267 12832.0000 12733.5193
13457.0756 12837.3333 12733.5310
13457.3244 12842.6667 12733.7352
13457.5733 12848.0000 12734.1911
13457.8222 12853.3333 12734.9139
13458.0711 12858.6667 12735.7362
13458.3200 12864.0000 12736.8748
13458.5689 12869.3333 12738.0245
13458.8178 12874.6667 12739.4770
13444.4178 12805.3333 12738.8231
13444.1689 12810.6667 12737.0030
13443.9200 12816.0000 12735.7323
13443.6711 12821.3333 12734.6650
13443.4222 12826.6667 12734.1205
13443.1733 12832.0000 12733.7341
13442.9244 12837.3333 12733.7528
13442.6756 12842.6667 12733.9641
13442.4267 12848.0000 12734.4240
13442.1778 12853.3333 12735.1514
13441.9289 12858.6667 12735.9773
13441.6800 12864.0000 12737.1180
13441.4311 12869.3333 12738.2697
13441.1822 12874.6667 12739.7239
13433.2533 12805.3333 12740.0634
13432.5067 12810.6667 12738.3644
13431.7600 12816.0000 12737.2137
13431.0133 12821.3333 12736.2739
13430.2667 12826.6667 12735.8476
13429.5200 12832.0000 12735.5818
13428.7733 12837.3333 12735.7221
13428.0267 12842.6667 12736.0515
13427.2800 12848.0000 12736.6210
13426.5333 12853.3333 12737.4498
13425.7867 12858.6667 12738.3763
13425.0400 12864.0000 12739.6048
13424.2933 12869.3333 12740.8457
13423.5467 12874.6667 12742.3704
13422.0889 12805.3333 12742.4054
13420.8444 12810.6667 12740.9475
13419.6000 12816.0000 12740.0356
13418.3556 12821.3333 12739.3495
13417.1111 12826.6667 12739.1652
13415.8667 12832.0000 12739.1570
13414.6222 12837.3333 12739.5309
13413.3778 12842.6667 12740.0970
13412.1333 12848.0000 12740.8985
13410.8889 12853.3333 12741.9342
13409.6444 12858.6667 12743.0712
13408.4000 12864.0000 12744.4756
13407.1556 12869.3333 12745.8998
13405.9111 12874.6667 12747.5712
13410.9244 12805.3333 12745.9141
13409.1822 12810.6667 12744.8380
13407.4400 12816.0000 12744.2981
13405.6978 12821.3333 12744.0165
13403.9556 12826.6667 12744.2166
13402.2133 12832.0000 12744.6168
13400.4711 12837.3333 12745.3730
13398.7289 12842.6667 12746.3235
13396.9867 12848.0000 12747.4935
13395.2444 12853.3333 12748.8747
13393.5022 12858.6667 12750.3541
13391.7600 12864.0000 12752.0452
13390.0178 12869.3333 12753.7649
13388.2756 12874.6667 12755.6707
13399.7600 12805.3333 12750.6992
13397.5200 12810.6667 12750.1705
13395.2800 12816.0000 12750.1737
13393.0400 12821.3333 12750.4897
13390.8000 12826.6667 12751.2604
13388.5600 12832.0000 12752.2722
13386.3200 12837.3333 12753.6097
13384.0800 12842.6667 12755.1478
13381.8400 12848.0000 12756.8871
13379.6000 12853.3333 12758.8077
13377.3600 12858.6667 12760.6370
13375.1200 12864.0000 12762.5368
13372.8800 12869.3333 12764.5001
13370.6400 12874.6667 12766.5496
13388.5956 12805.3333 12756.9305
13385.8578 12810.6667 12757.1663
13383.1200 12816.0000 12757.9516
13380.3822 12821.3333 12759.1384
13377.6444 12826.6667 12760.7454
13374.9067 12832.0000 12762.3014
13372.1689 12837.3333 12764.1209
13369.4311 12842.6667 12766.1141
13366.6933 12848.0000 12768.2454
13363.9556 12853.3333 12770.4765
13361.2178 12858.6667 12772.7552
13358.4800 12864.0000 12775.0839
13355.7422 12869.3333 12777.4356
13353.0044 12874.6667 12779.8019
13377.4311 12805.3333 12764.9143
13374.1956 12810.6667 12765.8767
13370.9600 12816.0000 12767.2468
13367.7244 12821.3333 12769.0429
13364.4889 12826.6667 12771.1813
13361.2533 12832.0000 12773.5768
13358.0178 12837.3333 12776.1441
13354.7822 12842.6667 12778.8534
13351.5467 12848.0000 12781.6515
13348.3111 12853.3333 12784.4966
13345.0756 12858.6667 12787.3523
13341.8400 12864.0000 12790.1916
13338.6044 12869.3333 12792.9802
13335.3689 12874.6667 12795.7295
13568.2711 12880.6667 12795.2644
13568.6756 12881.3333 12795.6034
13569.0800 12882.0000 12795.9460
13569.4844 12882.6667 12796.2904
13569.8889 12883.3333 12796.6321
13570.2933 12884.0000 12796.9727
13570.6978 12884.6667 12797.3104
13571.1022 12885.3333 12797.6428
13571.5067 12886.0000 12797.9702
13571.9111 12886.6667 12798.2943
13572.3156 12887.3333 12798.6158
13572.7200 12888.0000 12798.9358
13573.1244 12888.6667 12799.2521
13573.5289 12889.3333 12799.5656
13550.0756 12880.6667 12779.5151
13550.4178 12881.3333 12779.8139
13550.7600 12882.0000 12780.1132
13551.1022 12882.6667 12780.4128
13551.4444 12883.3333 12780.7127
13551.7867 12884.0000 12781.0128
13552.1289 12884.6667 12781.3127
13552.4711 12885.3333 12781.6126
13552.8133 12886.0000 12781.9125
13553.1556 12886.6667 12782.2124
13553.4978 12887.3333 12782.5122
13553.8400 12888.0000 12782.8121
13554.1822 12888.6667 12783.1125
13554.5244 12889.3333 12783.4126
13531.8800 12880.6667 12766.4922
13532.1600 12881.3333 12766.7579
13532.4400 12882.0000 12767.0247
13532.7200 12882.6667 12767.2924
13533.0000 12883.3333 12767.5607
13533.2800 12884.0000 12767.8293
13533.5600 12884.6667 12768.0981
13533.8400 12885.3333 12768.3670
13534.1200 12886.0000 12768.6361
13534.4000 12886.6667 12768.9055
13534.6800 12887.3333 12769.1752
13534.9600 12888.0000 12769.4454
13535.2400 12888.6667 12769.7163
13535.5200 12889.3333 12769.9872
13513.6844 12880.6667 12755.8818
13513.9022 12881.3333 12756.1272
13514.1200 12882.0000 12756.3758
13514.3378 12882.6667 12756.6267
13514.5556 12883.3333 12756.8792
13514.7733 12884.0000 12757.1332
13514.9911 12884.6667 12757.3872
13515.2089 12885.3333 12757.6401
13515.4267 12886.0000 12757.8927
13515.6444 12886.6667 12758.1452
13515.8622 12887.3333 12758.3978
13516.0800 12888.0000 12758.6506
13516.2978 12888.6667 12758.9037
13516.5156 12889.3333 12759.1570
13495.4889 12880.6667 12748.1630
13495.6444 12881.3333 12748.3802
13495.8000 12882.0000 12748.6019
13495.9556 12882.6667 12748.8275
13496.1111 12883.3333 12749.0547
13496.2667 12884.0000 12749.2827
13496.4222 12884.6667 12749.5115
13496.5778 12885.3333 12749.7394
13496.7333 12886.0000 12749.9668
13496.8889 12886.6667 12750.1940
13497.0444 12887.3333 12750.4210
13497.2000 12888.0000 12750.6482
13497.3556 12888.6667 12750.8760
13497.5111 12889.3333 12751.1039
13477.2933 12880.6667 12743.3486
13477.3867 12881.3333 12743.5481
13477.4800 12882.0000 12743.7525
13477.5733 12882.6667 12743.9600
13477.6667 12883.3333 12744.1705
13477.7600 12884.0000 12744.3833
13477.8533 12884.6667 12744.5964
13477.9467 12885.3333 12744.8081
13478.0400 12886.0000 12745.0195
13478.1333 12886.6667 12745.2305
13478.2267 12887.3333 12745.4409
13478.3200 12888.0000 12745.6516
13478.4133 12888.6667 12745.8632
13478.5067 12889.3333 12746.0751
13459.0978 12880.6667 12741.1342
13459.1289 12881.3333 12741.3213
13459.1600 12882.0000 12741.5106
13459.1911 12882.6667 12741.7049
13459.2222 12883.3333 12741.9032
13459.2533 12884.0000 12742.1055
13459.2844 12884.6667 12742.3126
13459.3156 12885.3333 12742.5167
13459.3467 12886.0000 12742.7223
13459.3778 12886.6667 12742.9302
13459.4089 12887.3333 12743.1401
13459.4400 12888.0000 12743.3520
13459.4711 12888.6667 12743.5657
13459.5022 12889.3333 12743.7805
13440.9022 12880.6667 12741.3799
13440.8711 12881.3333 12741.5674
13440.8400 12882.0000 12741.7571
13440.8089 12882.6667 12741.9512
13440.7778 12883.3333 12742.1491
13440.7467 12884.0000 12742.3503
13440.7156 12884.6667 12742.5543
13440.6844 12885.3333 12742.7604
13440.6533 12886.0000 12742.9705
13440.6222 12886.6667 12743.1804
13440.5911 12887.3333 12743.3873
13440.5600 12888.0000 12743.5962
13440.5289 12888.6667 12743.8067
13440.4978 12889.3333 12744.0190
13422.7067 12880.6667 12744.1023
13422.6133 12881.3333 12744.3020
13422.5200 12882.0000 12744.5067
13422.4267 12882.6667 12744.7145
13422.3333 12883.3333 12744.9250
13422.2400 12884.0000 12745.1379
13422.1467 12884.6667 12745.3510
13422.0533 12885.3333 12745.5626
13421.9600 12886.0000 12745.7736
13421.8667 12886.6667 12745.9844
13421.7733 12887.3333 12746.1949
13421.6800 12888.0000 12746.4056
13421.5867 12888.6667 12746.6169
13421.4933 12889.3333 12746.8284
13404.5111 12880.6667 12749.4698
13404.3556 12881.3333 12749.6870
13404.2000 12882.0000 12749.9086
13404.0444 12882.6667 12750.1339
13403.8889 12883.3333 12750.3609
13403.7333 12884.0000 12750.5887
13403.5778 12884.6667 12750.8169
13403.4222 12885.3333 12751.0445
13403.2667 12886.0000 12751.2717
13403.1111 12886.6667 12751.4984
13402.9556 12887.3333 12751.7251
13402.8000 12888.0000 12751.9521
13402.6444 12888.6667 12752.1798
13402.4889 12889.3333 12752.4076
13386.3156 12880.6667 12757.8313
13386.0978 12881.3333 12758.0763
13385.8800 12882.0000 12758.3252
13385.6622 12882.6667 12758.5764
13385.4444 12883.3333 12758.8285
13385.2267 12884.0000 12759.0813
13385.0089 12884.6667 12759.3357
13384.7911 12885.3333 12759.5895
13384.5733 12886.0000 12759.8432
13384.3556 12886.6667 12760.0974
13384.1378 12887.3333 12760.3520
13383.9200 12888.0000 12760.6050
13383.7022 12888.6667 12760.8581
13383.4844 12889.3333 12761.1130
13368.1200 12880.6667 12768.8980
13367.8400 12881.3333 12769.1642
13367.5600 12882.0000 12769.4336
13367.2800 12882.6667 12769.7052
13367.0000 12883.3333 12769.9774
13366.7200 12884.0000 12770.2497
13366.4400 12884.6667 12770.5220
13366.1600 12885.3333 12770.7923
13365.8800 12886.0000 12771.0610
13365.6000 12886.6667 12771.3283
13365.3200 12887.3333 12771.5940
13365.0400 12888.0000 12771.8584
13364.7600 12888.6667 12772.1217
13364.4800 12889.3333 12772.3839
13349.9244 12880.6667 12782.4749
13349.5822 12881.3333 12782.7746
13349.2400 12882.0000 12783.0770
13348.8978 12882.6667 12783.3814
13348.5556 12883.3333 12783.6859
13348.2133 12884.0000 12783.9897
13347.8711 12884.6667 12784.2920
13347.5289 12885.3333 12784.5919
13347.1867 12886.0000 12784.8894
13346.8444 12886.6667 12785.1846
13346.5022 12887.3333 12785.4777
13346.1600 12888.0000 12785.7693
13345.8178 12888.6667 12786.0595
13345.4756 12889.3333 12786.3484
13331.7289 12880.6667 12798.7719
13331.3244 12881.3333 12799.1077
13330.9200 12882.0000 12799.4465
13330.5156 12882.6667 12799.7858
13330.1111 12883.3333 12800.1271
13329.7067 12884.0000 12800.4674
13329.3022 12884.6667 12800.8047
13328.8978 12885.3333 12801.1389
13328.4933 12886.0000 12801.4708
13328.0889 12886.6667 12801.8005
13327.6844 12887.3333 12802.1278
13327.2800 12888.0000 12802.4537
13326.8756 12888.6667 12802.7786
13326.4711 12889.3333 12803.1015