300.0000 300.0000 300.0000
3070.0000 2182.8170 2448.1366
3230.0000 2170.5683 2446.2756
3286.0000 2277.9863 2496.8023
3014.0000 2294.1461 2500.7806
3007.0000 2306.1738 2499.5796
3293.0000 2292.2254 2499.5146
3070.0000 2184.6696 2468.9597
3230.0000 2173.5828 2469.4465
3014.0000 2300.5929 2517.3836
3007.0000 2315.6033 2522.9632
3286.0000 2285.2817 2513.3397
3293.0000 2300.3168 2518.8788
3092.8571 2184.2732 2437.9731
3115.7143 2183.4975 2426.1314
3138.5714 2173.5910 2420.5274
3161.4286 2160.3230 2420.1359
3184.2857 2158.6461 2424.9003
3207.1429 2163.2143 2435.6523
3238.0000 2183.4559 2454.0776
3246.0000 2196.6098 2455.6456
3254.0000 2210.6572 2466.1526
3262.0000 2227.1707 2478.0656
3270.0000 2244.1549 2484.7911
3278.0000 2260.9634 2490.9614
3247.1429 2246.8639 2458.9453
3208.2857 2232.5863 2433.4592
3169.4286 2227.6878 2421.3598
3130.5714 2247.6376 2421.9060
3091.7143 2255.0145 2435.2967
3052.8571 2257.8138 2461.8690
3022.0000 2277.2278 2495.0953
3030.0000 2260.0560 2488.9112
3038.0000 2242.0773 2480.0036
3046.0000 2224.8595 2470.9496
3054.0000 2207.6022 2462.2896
3062.0000 2193.5039 2453.9336
3013.0000 2295.9797 2500.7806
3012.0000 2297.6578 2500.3726
3011.0000 2299.4502 2500.3726
3010.0000 2301.0952 2499.9726
3009.0000 2302.8477 2499.9726
3008.0000 2304.4597 2499.5796
3292.0000 2290.3215 2499.5146
3291.0000 2288.5994 2499.9576
3290.0000 2286.6151 2499.7065
3289.0000 2284.4591 2499.0031
3288.0000 2282.2988 2498.2756
3287.0000 2280.1376 2497.5330
3207.1429 2165.3851 2454.3631
3184.2857 2159.1387 2445.2835
3161.4286 2157.2011 2441.1567
3138.5714 2166.8097 2441.5028
3115.7143 2177.5057 2446.3560
3092.8571 2181.1750 2456.3082
3062.0000 2198.0104 2475.6724
3054.0000 2212.9228 2481.2448
3046.0000 2229.0385 2488.2442
3038.0000 2245.9694 2495.7771
3030.0000 2263.7797 2503.4335
3022.0000 2282.0974 2510.6634
3013.0000 2302.8563 2518.1932
3012.0000 2305.0847 2519.0056
3011.0000 2307.2700 2519.8159
3010.0000 2309.4111 2520.6138
3009.0000 2311.5130 2521.4044
3008.0000 2313.5784 2522.1908
3278.0000 2268.0041 2506.5800
3270.0000 2250.6553 2499.3224
3262.0000 2233.6393 2491.8696
3254.0000 2216.6804 2484.4649
3246.0000 2200.3612 2477.8226
3238.0000 2186.1802 2472.5161
3292.0000 2298.1900 2518.1365
3291.0000 2296.0560 2517.3763
3290.0000 2293.9135 2516.5975
3289.0000 2291.7611 2515.7975
3288.0000 2289.6016 2514.9812
3287.0000 2287.4398 2514.1580
3247.1429 2250.2565 2477.1951
3208.2857 2234.7208 2453.1197
3169.4286 2225.4631 2441.9000
3130.5714 2240.5032 2442.4293
3091.7143 2251.2751 2454.8722
3052.8571 2263.5814 2480.0734
3047.8571 2270.9126 2465.7151
3088.7143 2262.9845 2438.5543
3129.5714 2255.8943 2424.6949
3170.4286 2235.8224 2424.1534
3211.2857 2242.2490 2436.7435
3252.1429 2258.1154 2462.8708
3047.8571 2276.1952 2484.4663
3088.7143 2260.0586 2458.5155
3129.5714 2249.1874 2445.4988
3170.4286 2234.5153 2444.9757
3211.2857 2244.6914 2456.7643
3252.1429 2262.9866 2481.6212
3212.8571 2174.6945 2437.4670
3218.5714 2186.3869 2440.2425
3224.2857 2198.2363 2443.3541
3230.0000 2210.2751 2446.8831
3235.7143 2222.3067 2450.7033
3241.4286 2234.4456 2454.7206
3187.7143 2168.7845 2423.7404
3191.1429 2178.9433 2423.4522
3194.5714 2189.2339 2424.0107
3198.0000 2199.7215 2425.3482
3201.4286 2210.4605 2427.3989
3204.8571 2221.4625 2430.1153
3162.5714 2170.4021 2417.7841
3163.7143 2180.3181 2416.2480
3164.8571 2190.0591 2415.5685
3166.0000 2199.6374 2415.7524
3167.1429 2209.0822 2416.7897
3168.2857 2218.4245 2418.6667
3137.4286 2185.0449 2418.2211
3136.2857 2196.2061 2416.7262
3135.1429 2207.0911 2416.0815
3134.0000 2217.6927 2416.2883
3132.8571 2227.9893 2417.3392
3131.7143 2237.9771 2419.2198
3112.2857 2195.0098 2425.1434
3108.8571 2206.0667 2425.0127
3105.4286 2216.6201 2425.7000
3102.0000 2226.6170 2427.1311
3098.5714 2236.3821 2429.2373
3095.1429 2245.8275 2431.9674
3087.1429 2193.9640 2440.2019
3081.4286 2203.4870 2442.8916
3075.7143 2212.9235 2446.1830
3070.0000 2222.7274 2449.8320
3064.2857 2233.1954 2453.6950
3058.5714 2244.9474 2457.6925
3212.8571 2176.4475 2453.8245
3218.5714 2187.9524 2455.4650
3224.2857 2199.8134 2458.8513
3230.0000 2211.8154 2462.8382
3235.7143 2224.0876 2467.3523
3241.4286 2236.7140 2472.2079
3187.7143 2169.3838 2442.2370
3191.1429 2179.8838 2441.1068
3194.5714 2190.5816 2441.5459
3198.0000 2201.4210 2443.2258
3201.4286 2212.3809 2445.8588
3204.8571 2223.4683 2449.2166
3162.5714 2166.8642 2437.0526
3163.7143 2176.7503 2434.7895
3164.8571 2186.5460 2434.0810
3166.0000 2196.2074 2434.6501
3167.1429 2205.8153 2436.2654
3168.2857 2215.5060 2438.7370
3137.4286 2178.5778 2437.4445
3136.2857 2189.7216 2435.2246
3135.1429 2200.4717 2434.5521
3134.0000 2210.9449 2435.1498
3132.8571 2221.1291 2436.7846
3131.7143 2230.8867 2439.2666
3112.2857 2189.3393 2443.4700
3108.8571 2200.4512 2442.4899
3105.4286 2210.9926 2443.0620
3102.0000 2221.2917 2444.8499
3098.5714 2231.2471 2447.5585
3095.1429 2241.1884 2450.9603
3087.1429 2191.8397 2456.1203
3081.4286 2202.2508 2458.1227
3075.7143 2212.9276 2461.5747
3070.0000 2224.2106 2465.6211
3064.2857 2236.5409 2470.2330
3058.5714 2249.6077 2475.1036
3247.8571 2248.4487 2459.4930
3248.5714 2250.0399 2460.0468
3249.2857 2251.6381 2460.6047
3250.0000 2253.2439 2461.1632
3250.7143 2254.8583 2461.7298
3251.4286 2256.4819 2462.3041
3208.7143 2233.9627 2433.9120
3209.1429 2235.3387 2434.3851
3209.5714 2236.7172 2434.8620
3210.0000 2238.0974 2435.3330
3210.4286 2239.4793 2435.8017
3210.8571 2240.8633 2436.2730
3169.5714 2228.8463 2421.7310
3169.7143 2230.0046 2422.1190
3169.8571 2231.1622 2422.5283
3170.0000 2232.3245 2422.9257
3170.1429 2233.4884 2423.3303
3170.2857 2234.6536 2423.7448
3130.4286 2248.8267 2422.2836
3130.2857 2250.0055 2422.6873
3130.1429 2251.1814 2423.0972
3130.0000 2252.3604 2423.4967
3129.8571 2253.5387 2423.8965
3129.7143 2254.7161 2424.2975
3091.2857 2256.1564 2435.7445
3090.8571 2257.2934 2436.2129
3090.4286 2258.4298 2436.6858
3090.0000 2259.5686 2437.1517
3089.5714 2260.7078 2437.6171
3089.1429 2261.8461 2438.0860
3052.1429 2259.5929 2462.4238
3051.4286 2261.4286 2462.9901
3050.7143 2263.3016 2463.5552
3050.0000 2265.2002 2464.1064
3049.2857 2267.1205 2464.6489
3048.5714 2269.0307 2465.1861
3247.8571 2252.0249 2477.8243
3248.5714 2253.8101 2478.4546
3249.2857 2255.6121 2479.0860
3250.0000 2257.4307 2479.7185
3250.7143 2259.2660 2480.3521
3251.4286 2261.1183 2480.9868
3208.7143 2236.1367 2453.6228
3209.1429 2237.5567 2454.1411
3209.5714 2238.9795 2454.6660
3210.0000 2240.4040 2455.1908
3210.4286 2241.8304 2455.7139
3210.8571 2243.2595 2456.2385
3169.5714 2226.7355 2442.3131
3169.7143 2228.0150 2442.7413
3169.8571 2229.3018 2443.1812
3170.0000 2230.5943 2443.6184
3170.1429 2231.8956 2444.0747
3170.2857 2233.2021 2444.5233
3130.4286 2241.7186 2442.8454
3130.2857 2242.9400 2443.2800
3130.1429 2244.1695 2443.7260
3130.0000 2245.4097 2444.1710
3129.8571 2246.6599 2444.6142
3129.7143 2247.9192 2445.0579
3091.2857 2252.5334 2455.3766
3090.8571 2253.7896 2455.8947
3090.4286 2255.0447 2456.4190
3090.0000 2256.2989 2456.9437
3089.5714 2257.5524 2457.4667
3089.1429 2258.8051 2457.9906
3052.1429 2265.3655 2480.7024
3051.4286 2267.1574 2481.3422
3050.7143 2268.9555 2481.9830
3050.0000 2270.7586 2482.6169
3049.2857 2272.5661 2483.2406
3048.5714 2274.3782 2483.8563