300.0000 300.0000 300.0000
13890.0000 12480.1126 12717.5718
14010.0000 12450.0809 12715.5036
14050.0000 12548.3516 12749.3674
13850.0000 12558.5958 12752.3363
13845.0000 12571.2814 12756.7305
14055.0000 12560.9750 12753.8030
13890.0000 12466.6946 12770.4248
14010.0000 12457.5973 12767.9147
13850.0000 12563.5239 12784.3648
13845.0000 12577.3883 12788.1083
14050.0000 12555.1295 12781.3666
14055.0000 12568.6142 12785.1902
13898.0000 12480.4165 12713.2626
13906.0000 12480.0131 12709.6920
13914.0000 12478.5442 12706.7701
13922.0000 12476.0893 12704.4617
13930.0000 12472.8873 12702.7296
13938.0000 12468.2602 12701.5490
13946.0000 12463.6357 12700.9028
13954.0000 12459.4805 12700.7810
13962.0000 12455.4644 12701.1862
13970.0000 12452.0956 12702.1209
13978.0000 12449.0369 12703.5978
13986.0000 12447.9681 12705.6388
13994.0000 12447.9248 12708.2761
14002.0000 12448.7450 12711.5408
14012.6667 12456.3574 12717.0775
14015.3333 12462.7431 12718.8193
14018.0000 12469.1775 12720.8437
14020.6667 12475.6549 12723.0010
14023.3333 12482.1737 12725.4057
14026.0000 12488.7649 12727.8876
14028.6667 12495.3451 12730.1777
14031.3333 12501.8173 12732.5517
14034.0000 12508.2924 12734.9529
14036.6667 12514.8577 12737.3763
14039.3333 12521.5059 12739.7843
14042.0000 12528.2156 12742.2027
14044.6667 12534.8738 12744.6134
14047.3333 12541.6025 12746.9914
14036.6667 12541.6202 12739.5369
14023.3333 12536.1707 12731.1737
14010.0000 12530.8987 12723.8897
13996.6667 12528.2045 12718.3833
13983.3333 12527.6310 12714.4513
13970.0000 12529.5660 12711.9594
13956.6667 12534.7140 12710.8243
13943.3333 12541.2632 12711.0051
13930.0000 12547.7012 12712.5052
13916.6667 12552.6135 12715.3857
13903.3333 12555.9496 12719.7337
13890.0000 12556.3753 12725.7079
13876.6667 12555.1470 12733.3182
13863.3333 12555.3228 12742.0927
13852.6667 12552.2983 12749.9731
13855.3333 12545.9907 12747.5934
13858.0000 12539.9973 12745.1939
13860.6667 12534.4105 12742.7705
13863.3333 12528.9767 12740.3336
13866.0000 12523.5370 12737.8668
13868.6667 12518.2346 12735.4027
13871.3333 12513.3844 12732.9599
13874.0000 12509.0192 12730.5492
13876.6667 12504.4518 12728.2600
13879.3333 12499.7119 12725.8224
13882.0000 12495.0357 12723.4299
13884.6667 12490.2793 12721.2435
13887.3333 12485.2390 12719.3145
13849.6667 12559.3775 12752.6318
13849.3333 12560.1978 12752.9283
13849.0000 12561.0274 12753.2271
13848.6667 12561.8576 12753.5279
13848.3333 12562.6895 12753.8286
13848.0000 12563.5343 12754.1282
13847.6667 12564.3925 12754.4261
13847.3333 12565.2513 12754.7215
13847.0000 12566.1097 12755.0144
13846.6667 12566.9676 12755.3048
13846.3333 12567.8251 12755.5930
13846.0000 12568.6906 12755.8796
13845.6667 12569.5630 12756.1646
13845.3333 12570.4294 12756.4482
14054.6667 12560.1254 12753.5085
14054.3333 12559.2772 12753.2134
14054.0000 12558.4299 12752.9178
14053.6667 12557.5827 12752.6226
14053.3333 12556.7355 12752.3276
14053.0000 12555.8977 12752.0323
14052.6667 12555.0613 12751.7367
14052.3333 12554.2249 12751.4409
14052.0000 12553.3884 12751.1449
14051.6667 12552.5498 12750.8486
14051.3333 12551.7082 12750.5522
14051.0000 12550.8678 12750.2558
14050.6667 12550.0286 12749.9596
14050.3333 12549.1894 12749.6635
14002.0000 12454.4227 12762.9197
13994.0000 12451.7340 12758.8582
13986.0000 12449.6062 12755.6235
13978.0000 12448.4643 12753.1367
13970.0000 12448.4151 12751.3413
13962.0000 12448.8927 12750.2081
13954.0000 12450.0362 12749.7127
13946.0000 12451.5551 12749.8484
13938.0000 12454.1362 12750.6186
13930.0000 12456.8445 12752.0331
13922.0000 12459.6117 12754.1223
13914.0000 12461.9626 12756.9255
13906.0000 12463.7028 12760.5045
13898.0000 12465.1271 12764.9588
13887.3333 12472.8026 12769.4692
13884.6667 12478.8397 12768.8320
13882.0000 12484.9154 12768.6785
13879.3333 12491.0688 12768.8787
13876.6667 12497.3150 12769.4595
13874.0000 12503.5899 12770.2867
13871.3333 12509.7952 12771.3638
13868.6667 12515.9629 12772.6180
13866.0000 12522.2301 12774.0192
13863.3333 12528.4962 12775.5465
13860.6667 12535.0962 12777.1693
13858.0000 12541.8626 12778.8732
13855.3333 12549.0044 12780.6314
13852.6667 12556.2037 12782.4812
13849.6667 12564.4430 12784.6113
13849.3333 12565.3633 12784.8647
13849.0000 12566.2837 12785.1192
13848.6667 12567.2049 12785.3788
13848.3333 12568.1261 12785.6387
13848.0000 12569.0468 12785.8947
13847.6667 12569.9666 12786.1469
13847.3333 12570.8860 12786.3969
13847.0000 12571.8051 12786.6453
13846.6667 12572.7253 12786.8914
13846.3333 12573.6476 12787.1376
13846.0000 12574.5813 12787.3826
13845.6667 12575.5175 12787.6271
13845.3333 12576.4532 12787.8694
14047.3333 12548.0001 12779.4331
14044.6667 12540.8932 12777.5690
14042.0000 12533.8329 12775.7937
14039.3333 12527.0776 12774.0842
14036.6667 12520.4373 12772.4667
14034.0000 12513.8441 12770.9558
14031.3333 12507.2960 12769.5851
14028.6667 12500.8260 12768.3921
14026.0000 12494.3459 12767.3728
14023.3333 12487.9698 12766.6406
14020.6667 12481.6613 12766.1326
14018.0000 12475.4880 12766.0662
14015.3333 12469.4163 12766.2469
14012.6667 12463.4350 12766.7867
14054.6667 12567.7114 12784.9374
14054.3333 12566.8100 12784.6813
14054.0000 12565.9081 12784.4241
14053.6667 12565.0052 12784.1645
14053.3333 12564.1067 12783.9053
14053.0000 12563.2072 12783.6467
14052.6667 12562.3065 12783.3894
14052.3333 12561.4060 12783.1324
14052.0000 12560.5056 12782.8756
14051.6667 12559.6052 12782.6190
14051.3333 12558.7053 12782.3630
14051.0000 12557.8102 12782.1110
14050.6667 12556.9160 12781.8611
14050.3333 12556.0223 12781.6129
14036.6667 12546.6765 12770.9500
14023.3333 12540.1433 12762.0401
14010.0000 12534.6969 12754.3660
13996.6667 12530.5043 12748.3882
13983.3333 12527.8909 12744.1436
13970.0000 12527.5964 12741.4590
13956.6667 12529.2531 12740.2349
13943.3333 12533.6963 12740.4214
13930.0000 12538.9086 12742.0225
13916.6667 12543.3252 12745.1101
13903.3333 12546.3570 12749.7909
13890.0000 12548.0166 12756.2689
13876.6667 12550.4506 12764.2474
13863.3333 12555.2688 12773.5571
13859.0000 12565.6672 12746.1749
13873.0000 12564.5665 12737.1082
13887.0000 12565.1936 12729.3712
13901.0000 12565.2762 12723.1345
13915.0000 12562.1305 12718.5952
13929.0000 12556.8865 12715.5900
13943.0000 12550.3478 12714.0553
13957.0000 12543.7269 12713.8798
13971.0000 12538.6501 12715.0487
13985.0000 12537.3958 12717.6644
13999.0000 12538.4780 12721.7896
14013.0000 12542.2243 12727.5614
14027.0000 12547.6649 12734.9741
14041.0000 12553.8055 12743.6432
13859.0000 12567.2555 12777.0450
13873.0000 12561.7427 12767.5242
13887.0000 12558.2349 12759.4913
13901.0000 12556.3034 12752.8070
13915.0000 12553.2016 12747.9782
13929.0000 12548.7408 12744.7936
13943.0000 12543.4757 12743.1478
13957.0000 12539.2629 12742.9644
13971.0000 12537.7319 12744.2352
13985.0000 12538.2877 12747.0259
13999.0000 12541.4999 12751.4248
14013.0000 12546.0535 12757.6089
14027.0000 12552.1885 12765.3662
14041.0000 12559.0894 12774.5042
14004.3111 12454.3506 12712.6106
14006.6222 12460.0048 12713.8033
14008.9333 12465.8238 12715.2610
14011.2444 12471.9084 12716.7994
14013.5556 12478.1381 12718.5842
14015.8667 12484.4368 12720.4336
14018.1778 12490.7554 12722.4557
14020.4889 12497.1142 12724.5428
14022.8000 12503.4880 12726.7468
14025.1111 12509.9093 12728.9479
14027.4222 12516.3279 12730.9814
14029.7333 12522.5816 12733.0934
14032.0444 12528.8258 12735.2036
14034.3556 12535.1832 12737.3621
13995.9556 12453.3525 12708.9442
13997.9111 12458.8818 12709.7030
13999.8667 12464.4680 12710.7314
14001.8222 12470.0676 12711.7935
14003.7778 12475.6454 12713.1228
14005.7333 12481.2182 12714.4809
14007.6889 12486.9501 12716.0349
14009.6444 12492.8779 12717.6534
14011.6000 12498.9505 12719.3756
14013.5556 12505.0794 12721.2024
14015.5111 12511.2504 12723.0564
14017.4667 12517.4363 12725.0428
14019.4222 12523.6502 12727.0099
14021.3778 12529.8717 12729.1202
13987.6000 12453.2640 12706.0006
13989.2000 12458.5578 12706.4256
13990.8000 12463.8606 12707.1219
13992.4000 12469.1950 12707.8240
13994.0000 12474.5884 12708.8076
13995.6000 12480.0026 12709.7975
13997.2000 12485.5247 12711.0058
13998.8000 12491.0540 12712.2726
14000.4000 12496.5842 12713.6554
14002.0000 12502.0957 12715.1711
14003.6000 12507.6115 12716.7122
14005.2000 12513.2080 12718.4344
14006.8000 12518.9291 12720.1348
14008.4000 12524.8924 12722.0178
13979.2444 12454.0155 12703.7252
13980.4889 12459.0649 12703.9014
13981.7333 12464.2530 12704.3458
13982.9778 12469.4465 12704.7786
13984.2222 12474.6700 12705.5079
13985.4667 12479.9568 12706.2244
13986.7111 12485.2383 12707.1795
13987.9556 12490.5180 12708.1881
13989.2000 12495.7934 12709.3260
13990.4444 12501.0976 12710.6114
13991.6889 12506.4607 12711.9220
13992.9333 12511.8271 12713.4494
13994.1778 12517.2643 12714.9501
13995.4222 12522.7262 12716.6730
13970.8889 12457.1155 12702.0794
13971.7778 12462.1310 12702.0714
13972.6667 12467.0747 12702.3427
13973.5556 12472.0255 12702.5863
13974.4444 12476.8983 12703.1334
13975.3333 12481.8023 12703.6633
13976.2222 12486.6820 12704.4348
13977.1111 12491.6003 12705.2630
13978.0000 12496.4977 12706.2294
13978.8889 12501.6084 12707.3510
13979.7778 12506.7745 12708.5020
13980.6667 12511.9566 12709.8904
13981.5556 12517.2028 12711.2495
13982.4444 12522.4322 12712.8576
13962.5333 12460.6234 12701.0367
13963.0667 12465.7733 12700.9164
13963.6000 12470.8336 12701.0738
13964.1333 12475.9079 12701.1962
13964.6667 12480.9042 12701.6290
13965.2000 12485.9068 12702.0401
13965.7333 12490.8372 12702.6967
13966.2667 12495.7676 12703.4096
13966.8000 12500.6846 12704.2665
13967.3333 12505.5585 12705.2860
13967.8667 12510.4253 12706.3318
13968.4000 12515.2236 12707.6353
13968.9333 12520.0315 12708.9030
13969.4667 12524.7688 12710.4363
13954.1778 12464.7957 12700.5825
13954.3556 12470.1020 12700.4087
13954.5333 12475.3049 12700.5162
13954.7111 12480.5232 12700.5820
13954.8889 12485.6263 12700.9616
13955.0667 12490.7404 12701.3112
13955.2444 12495.7595 12701.9195
13955.4222 12500.7598 12702.5793
13955.6000 12505.7071 12703.3832
13955.7778 12510.5932 12704.3539
13955.9556 12515.4847 12705.3505
13956.1333 12520.3026 12706.6119
13956.3111 12525.1434 12707.8363
13956.4889 12529.9111 12709.3330
13945.8222 12469.1416 12700.7101
13945.6444 12474.6357 12700.5493
13945.4667 12480.0305 12700.6571
13945.2889 12485.4379 12700.7307
13945.1111 12490.7303 12701.1157
13944.9333 12496.0334 12701.4716
13944.7556 12501.2377 12702.0832
13944.5778 12506.4074 12702.7477
13944.4000 12511.5214 12703.5561
13944.2222 12516.5714 12704.5295
13944.0444 12521.6093 12705.5293
13943.8667 12526.5616 12706.7913
13943.6889 12531.5318 12708.0171
13943.5111 12536.4019 12709.5141
13937.4667 12474.0087 12701.4208
13936.9333 12479.7418 12701.3240
13936.4000 12485.3378 12701.5008
13935.8667 12490.9564 12701.6441
13935.3333 12496.4287 12702.0943
13934.8000 12501.9116 12702.5229
13934.2667 12507.2757 12703.1941
13933.7333 12512.6130 12703.9201
13933.2000 12517.8834 12704.7885
13932.6667 12523.0895 12705.8163
13932.1333 12528.2453 12706.8701
13931.6000 12533.1670 12708.1771
13931.0667 12538.1140 12709.4501
13930.5333 12542.9229 12710.9842
13929.1111 12478.7063 12702.7260
13928.2222 12484.5062 12702.7560
13927.3333 12490.1547 12703.0627
13926.4444 12495.8115 12703.3422
13925.5556 12501.3117 12703.9192
13924.6667 12506.7870 12704.4803
13923.7778 12512.1291 12705.2771
13922.8889 12517.4310 12706.1288
13922.0000 12522.6343 12707.1153
13921.1111 12527.7541 12708.2524
13920.2222 12532.8453 12709.4174
13919.3333 12537.7907 12710.8141
13918.4444 12542.7525 12712.1800
13917.5556 12547.5911 12713.7901
13920.7556 12481.9351 12704.6448
13919.5111 12487.7492 12704.8773
13918.2667 12493.3797 12705.3725
13917.0222 12499.0061 12705.8589
13915.7778 12504.4629 12706.6328
13914.5333 12509.9364 12707.3970
13913.2889 12515.2565 12708.3896
13912.0444 12520.4868 12709.4341
13910.8000 12525.6263 12710.6015
13909.5556 12530.6893 12711.9111
13908.3111 12535.7173 12713.2431
13907.0667 12540.6032 12714.7827
13905.8222 12545.7722 12716.2964
13904.5778 12550.8659 12718.0205
13912.4000 12484.3352 12707.2084
13910.8000 12490.0135 12707.7109
13909.2000 12495.5348 12708.4773
13907.6000 12501.0391 12709.2536
13906.0000 12506.3075 12710.3015
13904.4000 12511.5473 12711.3567
13902.8000 12516.6576 12712.6197
13901.2000 12521.7058 12713.9384
13899.6000 12526.8023 12715.3650
13898.0000 12532.0057 12716.9159
13896.4000 12537.0699 12718.4891
13894.8000 12541.9219 12720.2276
13893.2000 12546.7949 12721.9468
13891.6000 12551.6066 12723.8309
13904.0444 12485.5615 12710.4612
13902.0889 12491.0563 12711.3244
13900.1333 12496.3109 12712.4465
13898.1778 12501.4711 12713.6113
13896.2222 12506.5895 12715.0272
13894.2667 12511.6602 12716.4768
13892.3111 12516.6625 12718.1092
13890.3556 12521.6229 12719.8028
13888.4000 12526.5505 12721.5872
13886.4444 12531.4024 12723.4666
13884.4889 12536.1990 12725.3632
13882.5333 12540.9089 12727.3792
13880.5778 12545.7637 12729.3880
13878.6222 12550.5236 12731.3702
13895.6889 12485.6598 12714.4671
13893.3778 12490.8508 12715.7949
13891.0667 12495.9540 12717.3842
13888.7556 12501.0095 12719.0593
13886.4444 12505.9872 12720.9672
13884.1333 12510.8536 12722.9484
13881.8222 12515.5629 12725.0723
13879.5111 12520.3079 12727.3028
13877.2000 12525.1273 12729.4146
13874.8889 12529.7246 12731.4697
13872.5778 12534.2406 12733.5556
13870.2667 12539.2597 12735.6715
13867.9556 12544.5210 12737.7936
13865.6444 12549.9212 12739.9357
14004.3111 12459.9942 12761.1682
14006.6222 12465.6629 12759.9377
14008.9333 12471.4098 12759.2633
14011.2444 12477.2529 12758.9300
14013.5556 12483.1843 12759.1186
14015.8667 12489.1843 12759.5626
14018.1778 12495.3532 12760.3031
14020.4889 12501.6072 12761.0512
14022.8000 12507.9680 12762.0655
14025.1111 12514.3634 12763.2249
14027.4222 12520.7951 12764.5229
14029.7333 12527.1755 12765.9721
14032.0444 12533.6262 12767.5147
14034.3556 12540.1299 12769.1835
13995.9556 12457.0830 12756.6340
13997.9111 12462.5357 12754.9023
13999.8667 12468.0829 12753.7164
14001.8222 12473.7073 12752.8367
14003.7778 12479.4576 12752.5125
14005.7333 12485.2238 12752.3715
14007.6889 12491.1193 12752.7086
14009.6444 12497.0662 12753.1903
14011.6000 12503.0407 12754.0101
14013.5556 12509.0316 12754.9953
14015.5111 12515.0808 12756.1711
14017.4667 12521.2141 12757.5667
14019.4222 12527.4284 12758.9122
14021.3778 12533.7690 12760.4617
13987.6000 12454.7978 12753.0349
13989.2000 12460.0933 12750.9266
13990.8000 12465.4749 12749.3657
13992.4000 12470.9396 12748.0842
13994.0000 12476.4878 12747.3836
13995.6000 12482.0596 12746.8409
13997.2000 12487.7095 12746.8196
13998.8000 12493.3787 12746.9276
14000.4000 12499.1110 12747.4180
14002.0000 12504.9131 12748.0950
14003.6000 12510.7558 12748.9732
14005.2000 12516.6640 12750.1249
14006.8000 12522.6427 12751.3260
14008.4000 12528.6705 12752.8526
13979.2444 12453.5998 12750.2784
13980.4889 12458.6734 12747.8889
13981.7333 12463.9313 12746.0530
13982.9778 12469.2271 12744.4796
13984.2222 12474.5815 12743.5068
13985.4667 12479.9603 12742.6729
13986.7111 12485.3775 12742.3940
13987.9556 12490.8426 12742.2467
13989.2000 12496.3425 12742.4901
13990.4444 12501.9044 12742.9430
13991.6889 12507.5325 12743.6055
13992.9333 12513.2107 12744.5872
13994.1778 12518.9254 12745.6156
13995.4222 12524.7163 12747.0112
13970.8889 12453.4885 12748.2946
13971.7778 12458.5270 12745.7118
13972.6667 12463.6106 12743.6776
13973.5556 12468.7545 12741.9013
13974.4444 12474.0363 12740.7379
13975.3333 12479.3244 12739.7048
13976.2222 12484.6529 12739.2453
13977.1111 12489.9961 12738.9083
13978.0000 12495.3621 12738.9923
13978.8889 12500.7574 12739.2883
13979.7778 12506.1625 12739.8046
13980.6667 12511.5827 12740.6618
13981.5556 12517.0049 12741.5636
13982.4444 12522.4449 12742.8658
13962.5333 12454.0208 12747.0395
13963.0667 12459.1633 12744.3373
13963.6000 12464.3489 12742.1768
13964.1333 12469.5484 12740.2728
13964.6667 12474.7628 12738.9898
13965.2000 12479.9820 12737.8314
13965.7333 12485.2234 12737.2583
13966.2667 12490.4908 12736.8016
13966.8000 12495.7768 12736.7857
13967.3333 12501.0587 12736.9793
13967.8667 12506.3356 12737.4115
13968.4000 12511.6058 12738.1806
13968.9333 12516.8749 12739.0021
13969.4667 12522.2311 12740.2422
13954.1778 12455.2060 12746.4930
13954.3556 12460.4157 12743.7224
13954.5333 12465.6826 12741.5134
13954.7111 12470.9498 12739.5464
13954.8889 12476.2610 12738.2093
13955.0667 12481.6699 12736.9936
13955.2444 12487.0195 12736.3676
13955.4222 12492.3549 12735.8570
13955.6000 12497.6359 12735.7906
13955.7778 12502.8905 12735.9397
13955.9556 12508.1169 12736.3181
13956.1333 12513.3331 12737.0543
13956.3111 12518.6345 12737.8394
13956.4889 12523.9398 12739.0428
13945.8222 12457.3437 12746.6333
13945.6444 12463.0264 12743.8735
13945.4667 12468.7028 12741.6699
13945.2889 12474.3450 12739.7106
13945.1111 12479.9107 12738.3786
13944.9333 12485.4618 12737.1667
13944.7556 12490.9409 12736.5459
13944.5778 12496.4061 12736.0388
13944.4000 12501.8173 12735.9753
13944.2222 12507.2023 12736.1264
13944.0444 12512.5597 12736.5049
13943.8667 12517.8733 12737.2424
13943.6889 12523.1810 12738.0276
13943.5111 12528.4378 12739.2319
13937.4667 12460.2755 12747.4721
13936.9333 12466.2678 12744.7913
13936.4000 12472.1234 12742.6520
13935.8667 12477.9548 12740.7679
13935.3333 12483.6926 12739.5005
13934.8000 12489.4168 12738.3588
13934.2667 12495.0923 12737.7981
13933.7333 12500.7485 12737.3520
13933.2000 12506.3310 12737.3438
13932.6667 12511.8783 12737.5443
13932.1333 12517.3858 12737.9816
13931.6000 12522.8374 12738.7507
13931.0667 12528.2802 12739.5720
13930.5333 12533.6060 12740.8112
13929.1111 12463.1340 12749.0279
13928.2222 12469.3593 12746.4844
13927.3333 12475.5177 12744.4823
13926.4444 12481.5922 12742.7412
13925.5556 12487.5311 12741.6065
13924.6667 12493.4422 12740.6004
13923.7778 12499.2329 12740.1625
13922.8889 12504.9774 12739.8496
13922.0000 12510.6299 12739.9455
13921.1111 12516.2332 12740.2527
13920.2222 12521.7804 12740.7764
13919.3333 12527.2368 12741.6344
13918.4444 12532.6790 12742.5379
13917.5556 12537.9946 12743.8361
13920.7556 12465.7139 12751.3246
13919.5111 12472.0835 12748.9940
13918.2667 12478.2788 12747.2092
13917.0222 12484.4072 12745.6896
13915.7778 12490.3651 12744.7585
13914.5333 12496.3329 12743.9704
13913.2889 12502.1654 12743.7222
13912.0444 12507.9352 12743.6017
13910.8000 12513.6098 12743.8733
13909.5556 12519.2385 12744.3435
13908.3111 12524.8223 12745.0190
13907.0667 12530.3448 12746.0025
13905.8222 12535.8360 12747.0313
13904.5778 12541.0604 12748.4211
13912.4000 12468.1517 12754.4200
13910.8000 12474.2659 12752.3923
13909.2000 12480.4570 12750.9061
13907.6000 12486.6432 12749.7025
13906.0000 12492.5706 12749.0633
13904.4000 12498.3877 12748.5854
13902.8000 12504.0716 12748.6111
13901.2000 12509.7725 12748.7716
13899.6000 12515.3688 12749.2926
13898.0000 12520.9015 12749.9962
13896.4000 12526.3468 12750.8880
13894.8000 12531.7088 12752.0481
13893.2000 12537.1317 12753.2553
13891.6000 12542.5592 12754.7688
13904.0444 12470.0131 12758.3933
13902.0889 12476.1307 12756.7739
13900.1333 12482.0407 12755.6955
13898.1778 12487.8809 12754.9224
13896.2222 12493.6374 12754.6900
13894.2667 12499.3676 12754.6442
13892.3111 12505.0406 12755.0554
13890.3556 12510.7005 12755.6031
13888.4000 12516.3185 12756.4799
13886.4444 12521.9312 12757.5281
13884.4889 12527.5767 12758.6305
13882.5333 12533.1925 12759.8585
13880.5778 12538.8037 12761.1614
13878.6222 12544.5891 12762.6891
13895.6889 12471.2206 12763.3602
13893.3778 12477.1961 12762.2876
13891.0667 12483.0890 12761.7560
13888.7556 12488.9536 12761.6099
13886.4444 12494.7828 12761.8948
13884.1333 12500.6009 12762.2150
13881.8222 12506.4261 12762.8693
13879.5111 12512.3321 12763.6827
13877.2000 12518.3062 12764.7135
13874.8889 12524.3756 12765.8883
13872.5778 12530.5295 12767.1968
13870.2667 12536.7176 12768.6403
13867.9556 12542.9949 12770.1830
13865.6444 12549.1523 12771.8273
14036.9556 12542.4293 12739.8101
14037.2444 12543.2384 12740.0834
14037.5333 12544.0477 12740.3564
14037.8222 12544.8586 12740.6291
14038.1111 12545.6695 12740.9017
14038.4000 12546.4803 12741.1742
14038.6889 12547.2912 12741.4468
14038.9778 12548.1022 12741.7197
14039.2667 12548.9131 12741.9929
14039.5556 12549.7241 12742.2667
14039.8444 12550.5351 12742.5411
14040.1333 12551.3509 12742.8160
14040.4222 12552.1691 12743.0917
14040.7111 12552.9873 12743.3675
14023.5778 12536.9415 12731.4221
14023.8222 12537.7085 12731.6723
14024.0667 12538.4750 12731.9253
14024.3111 12539.2415 12732.1777
14024.5556 12540.0080 12732.4298
14024.8000 12540.7745 12732.6819
14025.0444 12541.5410 12732.9347
14025.2889 12542.3065 12733.1882
14025.5333 12543.0719 12733.4421
14025.7778 12543.8374 12733.6964
14026.0222 12544.6028 12733.9509
14026.2667 12545.3683 12734.2056
14026.5111 12546.1338 12734.4613
14026.7556 12546.8993 12734.7176
14010.2000 12531.6529 12724.1269
14010.4000 12532.4074 12724.3662
14010.6000 12533.1621 12724.6082
14010.8000 12533.9171 12724.8525
14011.0000 12534.6723 12725.0988
14011.2000 12535.4277 12725.3464
14011.4000 12536.1830 12725.5939
14011.6000 12536.9382 12725.8402
14011.8000 12537.6933 12726.0859
14012.0000 12538.4485 12726.3313
14012.2000 12539.2036 12726.5768
14012.4000 12539.9587 12726.8225
14012.6000 12540.7139 12727.0688
14012.8000 12541.4691 12727.3151
13996.8222 12528.8893 12718.6009
13996.9778 12529.5741 12718.8214
13997.1333 12530.2590 12719.0451
13997.2889 12530.9439 12719.2718
13997.4444 12531.6288 12719.5007
13997.6000 12532.3138 12719.7311
13997.7556 12532.9987 12719.9616
13997.9111 12533.6836 12720.1907
13998.0667 12534.3685 12720.4193
13998.2222 12535.0534 12720.6474
13998.3778 12535.7383 12720.8752
13998.5333 12536.4232 12721.1033
13998.6889 12537.1082 12721.3320
13998.8444 12537.7931 12721.5609
13983.4444 12528.2794 12714.6548
13983.5556 12528.9275 12714.8615
13983.6667 12529.5754 12715.0719
13983.7778 12530.2229 12715.2858
13983.8889 12530.8712 12715.5022
13984.0000 12531.5205 12715.7201
13984.1111 12532.1697 12715.9384
13984.2222 12532.8192 12716.1551
13984.3333 12533.4701 12716.3711
13984.4444 12534.1211 12716.5865
13984.5556 12534.7722 12716.8014
13984.6667 12535.4232 12717.0167
13984.7778 12536.0741 12717.2327
13984.8889 12536.7331 12717.4487
13970.0667 12530.1668 12712.1529
13970.1333 12530.7670 12712.3486
13970.2000 12531.3689 12712.5472
13970.2667 12531.9743 12712.7493
13970.3333 12532.5827 12712.9544
13970.4000 12533.1907 12713.1615
13970.4667 12533.7977 12713.3699
13970.5333 12534.4050 12713.5760
13970.6000 12535.0125 12713.7811
13970.6667 12535.6191 12713.9906
13970.7333 12536.2253 12714.2021
13970.8000 12536.8307 12714.4178
13970.8667 12537.4372 12714.6280
13970.9333 12538.0437 12714.8380
13956.6889 12535.3134 12711.0121
13956.7111 12535.9126 12711.2007
13956.7333 12536.5143 12711.3914
13956.7556 12537.1159 12711.5862
13956.7778 12537.7156 12711.7874
13956.8000 12538.3150 12711.9898
13956.8222 12538.9143 12712.1923
13956.8444 12539.5148 12712.3973
13956.8667 12540.1156 12712.6046
13956.8889 12540.7186 12712.8140
13956.9111 12541.3211 12713.0254
13956.9333 12541.9232 12713.2388
13956.9556 12542.5246 12713.4538
13956.9778 12543.1253 12713.6685
13943.3111 12541.8703 12711.1931
13943.2889 12542.4770 12711.3819
13943.2667 12543.0830 12711.5728
13943.2444 12543.6876 12711.7674
13943.2222 12544.2922 12711.9660
13943.2000 12544.8965 12712.1683
13943.1778 12545.4993 12712.3744
13943.1556 12546.1021 12712.5838
13943.1333 12546.7081 12712.7891
13943.1111 12547.3154 12712.9963
13943.0889 12547.9227 12713.2054
13943.0667 12548.5295 12713.4165
13943.0444 12549.1357 12713.6292
13943.0222 12549.7414 12713.8434
13929.9333 12548.2983 12712.6989
13929.8667 12548.8959 12712.8957
13929.8000 12549.4914 12713.0972
13929.7333 12550.0850 12713.3026
13929.6667 12550.6791 12713.5111
13929.6000 12551.2730 12713.7215
13929.5333 12551.8669 12713.9319
13929.4667 12552.4619 12714.1402
13929.4000 12553.0727 12714.3476
13929.3333 12553.7016 12714.5549
13929.2667 12554.3371 12714.7622
13929.2000 12554.9742 12714.9701
13929.1333 12555.6114 12715.1778
13929.0667 12556.2488 12715.3845
13916.5556 12553.2579 12715.5892
13916.4444 12553.8995 12715.7956
13916.3333 12554.5345 12716.0057
13916.2222 12555.1684 12716.2192
13916.1111 12555.8013 12716.4353
13916.0000 12556.4336 12716.6530
13915.8889 12557.0658 12716.8709
13915.7778 12557.6986 12717.0872
13915.6667 12558.3316 12717.3030
13915.5556 12558.9648 12717.5181
13915.4444 12559.5982 12717.7328
13915.3333 12560.2315 12717.9478
13915.2222 12560.8645 12718.1635
13915.1111 12561.4975 12718.3795
13903.1778 12556.5784 12719.9514
13903.0222 12557.2026 12720.1716
13902.8667 12557.8255 12720.3950
13902.7111 12558.4473 12720.6211
13902.5556 12559.0681 12720.8495
13902.4000 12559.6883 12721.0795
13902.2444 12560.3085 12721.3096
13902.0889 12560.9292 12721.5383
13901.9333 12561.5502 12721.7664
13901.7778 12562.1712 12721.9943
13901.6222 12562.7924 12722.2219
13901.4667 12563.4136 12722.4496
13901.3111 12564.0344 12722.6779
13901.1556 12564.6553 12722.9063
13889.8000 12556.9655 12725.9452
13889.6000 12557.5549 12726.1844
13889.4000 12558.1430 12726.4266
13889.2000 12558.7300 12726.6711
13889.0000 12559.3166 12726.9168
13888.8000 12559.9026 12727.1637
13888.6000 12560.4886 12727.4106
13888.4000 12561.0752 12727.6563
13888.2000 12561.6620 12727.9014
13888.0000 12562.2489 12728.1463
13887.8000 12562.8358 12728.3912
13887.6000 12563.4228 12728.6361
13887.4000 12564.0131 12728.8811
13887.2000 12564.6033 12729.1262
13876.4222 12555.7243 12733.5666
13876.1778 12556.3322 12733.8166
13875.9333 12556.9596 12734.0692
13875.6889 12557.5823 12734.3242
13875.4444 12558.2035 12734.5798
13875.2000 12558.8259 12734.8360
13874.9556 12559.4517 12735.0922
13874.7111 12560.0799 12735.3469
13874.4667 12560.7110 12735.6006
13874.2222 12561.3468 12735.8533
13873.9778 12561.9865 12736.1054
13873.7333 12562.6313 12736.3569
13873.4889 12563.2763 12736.6079
13873.2444 12563.9213 12736.8584
13863.0444 12555.9945 12742.3653
13862.7556 12556.6729 12742.6394
13862.4667 12557.3539 12742.9159
13862.1778 12558.0345 12743.1944
13861.8889 12558.7152 12743.4729
13861.6000 12559.3959 12743.7508
13861.3111 12560.0768 12744.0275
13861.0222 12560.7581 12744.3022
13860.7333 12561.4396 12744.5749
13860.4444 12562.1216 12744.8455
13860.1556 12562.8038 12745.1142
13859.8667 12563.4862 12745.3813
13859.5778 12564.1908 12745.6471
13859.2889 12564.9290 12745.9115
14036.9556 12547.4960 12771.1764
14037.2444 12548.3163 12771.4053
14037.5333 12549.1372 12771.6364
14037.8222 12549.9586 12771.8694
14038.1111 12550.7804 12772.1039
14038.4000 12551.6024 12772.3389
14038.6889 12552.4267 12772.5749
14038.9778 12553.2564 12772.8121
14039.2667 12554.0865 12773.0507
14039.5556 12554.9170 12773.2906
14039.8444 12555.7478 12773.5318
14040.1333 12556.5827 12773.7741
14040.4222 12557.4181 12774.0172
14040.7111 12558.2538 12774.2608
14023.5778 12540.9432 12762.2502
14023.8222 12541.7440 12762.4647
14024.0667 12542.5458 12762.6829
14024.3111 12543.3483 12762.9041
14024.5556 12544.1512 12763.1272
14024.8000 12544.9540 12763.3496
14025.0444 12545.7565 12763.5709
14025.2889 12546.5590 12763.7924
14025.5333 12547.3617 12764.0144
14025.7778 12548.1645 12764.2373
14026.0222 12548.9677 12764.4615
14026.2667 12549.7712 12764.6868
14026.5111 12550.5764 12764.9129
14026.7556 12551.3820 12765.1396
14010.2000 12535.4526 12754.5691
14010.4000 12536.2098 12754.7804
14010.6000 12536.9663 12754.9958
14010.8000 12537.7224 12755.2136
14011.0000 12538.4790 12755.4342
14011.2000 12539.2354 12755.6536
14011.4000 12539.9914 12755.8710
14011.6000 12540.7481 12756.0878
14011.8000 12541.5049 12756.3043
14012.0000 12542.2616 12756.5206
14012.2000 12543.0190 12756.7378
14012.4000 12543.7776 12756.9552
14012.6000 12544.5362 12757.1730
14012.8000 12545.2949 12757.3910
13996.8222 12531.2302 12748.5762
13996.9778 12531.9573 12748.7727
13997.1333 12532.6852 12748.9739
13997.2889 12533.4136 12749.1788
13997.4444 12534.1424 12749.3861
13997.6000 12534.8709 12749.5922
13997.7556 12535.6002 12749.7966
13997.9111 12536.3303 12749.9999
13998.0667 12537.0663 12750.2023
13998.2222 12537.8033 12750.4046
13998.3778 12538.5389 12750.6080
13998.5333 12539.2769 12750.8122
13998.6889 12540.0193 12751.0165
13998.8444 12540.7612 12751.2207
13983.4444 12528.5782 12744.3201
13983.5556 12529.2662 12744.5066
13983.6667 12529.9546 12744.6989
13983.7778 12530.6432 12744.8935
13983.8889 12531.3319 12745.0896
13984.0000 12532.0207 12745.2858
13984.1111 12532.7092 12745.4795
13984.2222 12533.3985 12745.6721
13984.3333 12534.0968 12745.8643
13984.4444 12534.7952 12746.0566
13984.5556 12535.4936 12746.2495
13984.6667 12536.1921 12746.4432
13984.7778 12536.8906 12746.6374
13984.8889 12537.5892 12746.8318
13970.0667 12528.2681 12741.6262
13970.1333 12528.9406 12741.8046
13970.2000 12529.6132 12741.9856
13970.2667 12530.2868 12742.1654
13970.3333 12530.9620 12742.3472
13970.4000 12531.6376 12742.5335
13970.4667 12532.3137 12742.7254
13970.5333 12532.9897 12742.9169
13970.6000 12533.6652 12743.1015
13970.6667 12534.3409 12743.2892
13970.7333 12535.0167 12743.4777
13970.8000 12535.6925 12743.6664
13970.8667 12536.3683 12743.8554
13970.9333 12537.0476 12744.0464
13956.6889 12529.9173 12740.3897
13956.7111 12530.5816 12740.5498
13956.7333 12531.2465 12740.7176
13956.7556 12531.9143 12740.8951
13956.7778 12532.5820 12741.0702
13956.8000 12533.2498 12741.2478
13956.8222 12533.9177 12741.4295
13956.8444 12534.5857 12741.6151
13956.8667 12535.2537 12741.8044
13956.8889 12535.9219 12741.9972
13956.9111 12536.5902 12742.1933
13956.9333 12537.2585 12742.3920
13956.9556 12537.9268 12742.5891
13956.9778 12538.5949 12742.7809
13943.3111 12534.3524 12740.5764
13943.2889 12535.0072 12740.7370
13943.2667 12535.6612 12740.9038
13943.2444 12536.3145 12741.0765
13943.2222 12536.9671 12741.2550
13943.2000 12537.6188 12741.4401
13943.1778 12538.2701 12741.6283
13943.1556 12538.9222 12741.8104
13943.1333 12539.5738 12741.9963
13943.1111 12540.2250 12742.1857
13943.0889 12540.8757 12742.3783
13943.0667 12541.5260 12742.5740
13943.0444 12542.1762 12742.7713
13943.0222 12542.8268 12742.9637
13929.9333 12539.5678 12742.1909
13929.8667 12540.2247 12742.3698
13929.8000 12540.8805 12742.5542
13929.7333 12541.5358 12742.7407
13929.6667 12542.1901 12742.9318
13929.6000 12542.8447 12743.1214
13929.5333 12543.5000 12743.3076
13929.4667 12544.1556 12743.4928
13929.4000 12544.8112 12743.6776
13929.3333 12545.4668 12743.8627
13929.2667 12546.1222 12744.0490
13929.2000 12546.7775 12744.2354
13929.1333 12547.4323 12744.4219
13929.0667 12548.0870 12744.6082
13916.5556 12543.9873 12745.2858
13916.4444 12544.6470 12745.4715
13916.3333 12545.3054 12745.6627
13916.2222 12545.9632 12745.8567
13916.1111 12546.6207 12746.0517
13916.0000 12547.2783 12746.2466
13915.8889 12547.9362 12746.4398
13915.7778 12548.5945 12746.6319
13915.6667 12549.2529 12746.8232
13915.5556 12549.9113 12747.0143
13915.4444 12550.5695 12747.2064
13915.3333 12551.2276 12747.3990
13915.2222 12551.8856 12747.5921
13915.1111 12552.5436 12747.7853
13903.1778 12547.0238 12749.9782
13903.0222 12547.6891 12750.1725
13902.8667 12548.3531 12750.3726
13902.7111 12549.0136 12750.5769
13902.5556 12549.6678 12750.7837
13902.4000 12550.3226 12750.9885
13902.2444 12550.9780 12751.1911
13902.0889 12551.6347 12751.3931
13901.9333 12552.2958 12751.5943
13901.7778 12552.9621 12751.7950
13901.6222 12553.6337 12751.9968
13901.4667 12554.3071 12752.1994
13901.3111 12554.9748 12752.4022
13901.1556 12555.6412 12752.6048
13889.8000 12548.6969 12756.4708
13889.6000 12549.3760 12756.6807
13889.4000 12550.0546 12756.8949
13889.2000 12550.7329 12757.1114
13889.0000 12551.4110 12757.3291
13888.8000 12552.0890 12757.5470
13888.6000 12552.7672 12757.7642
13888.4000 12553.4481 12757.9809
13888.2000 12554.1317 12758.1970
13888.0000 12554.8154 12758.4122
13887.8000 12555.4992 12758.6262
13887.6000 12556.1829 12758.8418
13887.4000 12556.8665 12759.0589
13887.2000 12557.5502 12759.2759
13876.4222 12551.1959 12764.4570
13876.1778 12551.9414 12764.6742
13875.9333 12552.6870 12764.8949
13875.6889 12553.4327 12765.1178
13875.4444 12554.1785 12765.3429
13875.2000 12554.9278 12765.5666
13874.9556 12555.6828 12765.7878
13874.7111 12556.4376 12766.0077
13874.4667 12557.1924 12766.2263
13874.2222 12557.9472 12766.4437
13873.9778 12558.7027 12766.6608
13873.7333 12559.4628 12766.8774
13873.4889 12560.2228 12767.0936
13873.2444 12560.9828 12767.3092
13863.0444 12556.0331 12773.7846
13862.7556 12556.7983 12774.0195
13862.4667 12557.5636 12774.2577
13862.1778 12558.3366 12774.4973
13861.8889 12559.1108 12774.7390
13861.6000 12559.8932 12774.9790
13861.3111 12560.6757 12775.2157
13861.0222 12561.4899 12775.4497
13860.7333 12562.3138 12775.6811
13860.4444 12563.1375 12775.9107
13860.1556 12563.9612 12776.1393
13859.8667 12564.7849 12776.3683
13859.5778 12565.6085 12776.5957
13859.2889 12566.4321 12776.8216